0 0.20527522935779816 0.03139013452914798 0.12614678899082568 0.053811659192825115
0 0.3658256880733945 0.4994394618834081 0.11238532110091744 0.052690582959641255
0 0.5068807339449541 0.5050448430493274 0.0963302752293578 0.04596412556053812
0 0.6227064220183486 0.5616591928251121 0.10321100917431193 0.06278026905829596
0 0.41628440366972475 0.6496636771300448 0.11238532110091744 0.061659192825112105
0 0.2901376146788991 0.7399103139013453 0.13073394495412843 0.05605381165919283
2 0.13646788990825687 0.7589686098654709 0.12155963302752294 0.04035874439461883
4 0.21788990825688073 0.8738789237668162 0.25229357798165136 0.061659192825112105
1 0.40022935779816515 0.052690582959641255 0.17660550458715596 0.017937219730941704
1 0.5711009174311926 0.13901345291479822 0.03669724770642202 0.08744394618834081
1 0.7477064220183486 0.23766816143497757 0.3073394495412844 0.017937219730941704
1 0.21100917431192662 0.9125560538116592 0.1926605504587156 0.013452914798206279
1 0.06307339449541284 0.5975336322869955 0.034403669724770644 0.09641255605381166
1 0.4793577981651376 0.9428251121076233 0.03669724770642202 0.0515695067264574
1 0.7270642201834863 0.975896860986547 0.46788990825688076 0.016816143497757848
