0 0.43911290322580643 0.45709806157354615 0.04838709677419355 0.03506271379703535
0 0.657258064516129 0.42460091220068413 0.043548387096774194 0.02993158494868871
0 0.7016129032258065 0.6426738882554162 0.03951612903225806 0.02708095781071836
0 0.48185483870967744 0.673745724059293 0.031451612903225803 0.024800456100342077
0 0.24838709677419354 0.5169612314709237 0.04838709677419355 0.026510832383124287
0 0.3024193548387097 0.54903078677309 0.06129032258064516 0.027936145952109463
0 0.2560483870967742 0.5511687571265679 0.03951612903225806 0.03620296465222349
0 0.3997983870967742 0.519811858608894 0.034274193548387094 0.02194982896237172
0 0.8282258064516129 0.5511687571265679 0.036290322580645164 0.026510832383124287
2 0.3951612903225806 0.45852337514253133 0.027419354838709678 0.024800456100342077
1 0.3155241935483871 0.40436145952109465 0.031048387096774193 0.013397947548460661
1 0.1028225806451613 0.4810433295324972 0.020967741935483872 0.049885974914481185
1 0.19112903225806452 0.68942417331813 0.06854838709677419 0.015108323831242873
1 0.33810483870967745 0.6882839224629419 0.07056451612903226 0.015678449258836945
1 0.8875 0.4980045610034208 0.020161290322580645 0.04846066134549601
7 0.59375 0.479903078677309 0.1681451612903226 0.03050171037628278
