0 0.5149253731343284 0.3005986316989738 0.03751512706736587 0.02993158494868871
0 0.553852359822509 0.39295895096921324 0.04033884630899556 0.02765108323831243
0 0.42174263816054863 0.3782782212086659 0.038321903993545785 0.028506271379703536
0 0.4277934651068979 0.4378563283922463 0.038321903993545785 0.027936145952109463
0 0.4191206131504639 0.4055017103762828 0.03953206938281565 0.02993158494868871
0 0.5244050020169423 0.5138255416191562 0.04437273093989512 0.02993158494868871
0 0.5875352964905204 0.4392816419612315 0.045582896329164985 0.03078677309007982
1 0.24606696248487292 0.4789053591790194 0.028237192416296894 0.042759407069555305
1 0.4554255748285599 0.20453249714937285 0.029043969342476807 0.009977194982896237
1 0.5532472771278741 0.20510262257696693 0.02944735780556676 0.009977194982896237
1 0.7977006857603872 0.2575541619156214 0.02218636546994756 0.08352337514253136
1 0.7377974989915288 0.36659064994298746 0.01936264622831787 0.04503990877993159
1 0.6625655506252521 0.5305017103762828 0.026220250100847116 0.04047890535917902
1 0.3535699878983461 0.37770809578107184 0.014925373134328358 0.02280501710376283
1 0.35518354175070593 0.34734891676168755 0.018152480839048003 0.02080957810718358
2 0.381807180314643 0.3765678449258837 0.031060911657926585 0.026225769669327253
5 0.38019362646228316 0.3295324971493729 0.04235578862444534 0.029076396807297605
3 0.4201290843081888 0.32482896237172176 0.043162565550625254 0.024230330672748004
1 0.6026623638563937 0.6449543899657925 0.016942315449778138 0.08124287343215507
1 0.7051230334812424 0.41790193842645385 0.03630496167809601 0.011972633979475485
1 0.345502218636547 0.6934150513112884 0.12384025816861638 0.015678449258836945
