0 0.4846712384025817 0.45781071835803877 0.04154901169826543 0.04218928164196123
0 0.2789431222267043 0.5230900798175598 0.0391286809197257 0.028506271379703536
0 0.3162565550625252 0.5515963511972634 0.03953206938281565 0.028506271379703536
0 0.3939088342073417 0.5497434435575826 0.03509479628882614 0.02936145952109464
0 0.7993142396127471 0.5557297605473204 0.0536506655909641 0.018529076396807297
0 0.7968939088342073 0.5761117445838084 0.0463896732553449 0.022234891676168756
0 0.5861234368697055 0.4224629418472064 0.03953206938281565 0.026225769669327253
0 0.5473981444130698 0.3825541619156214 0.03953206938281565 0.028506271379703536
0 0.35861234368697054 0.4977194982896237 0.03307785397337636 0.027366020524515394
2 0.39693424768051633 0.46835803876852905 0.029043969342476807 0.01539338654503991
3 0.4400968132311416 0.48004561003420754 0.023396530859217425 0.010262257696693273
3 0.3138362242839855 0.48261117445838086 0.029043969342476807 0.027936145952109463
5 0.39693424768051633 0.4301596351197263 0.035498184751916094 0.026795895096921322
1 0.3654699475594998 0.4087799315849487 0.03065752319483663 0.014823261117445839
1 0.1536910044372731 0.4740592930444698 0.023396530859217425 0.04389965792474344
1 0.25010084711577246 0.6533637400228051 0.05970149253731343 0.014823261117445839
1 0.4288019362646228 0.6539338654503991 0.060508269463493344 0.014823261117445839
1 0.6728519564340459 0.6562143671607754 0.09035901573215006 0.011402508551881414
1 0.8112141992739008 0.4375712656784493 0.023396530859217425 0.03933865450399088
1 0.8152480839048003 0.32867730900798175 0.012101653892698669 0.022234891676168756
1 0.5219846712384025 0.3990877993158495 0.016135538523598225 0.021664766248574687
