0 0.36370967741935484 0.44726339794754844 0.05887096774193548 0.030216647662485746
0 0.5020161290322581 0.3597491448118586 0.037096774193548385 0.029646522234891677
0 0.5 0.3896807297605473 0.03790322580645161 0.029076396807297605
0 0.4157258064516129 0.48973774230330674 0.03225806451612903 0.027366020524515394
0 0.45 0.48973774230330674 0.03467741935483871 0.029646522234891677
0 0.5403225806451613 0.4312998859749145 0.03951612903225806 0.02565564424173318
0 0.5403225806451613 0.4620866590649943 0.03951612903225806 0.026795895096921322
0 0.5612903225806452 0.6339794754846066 0.05725806451612903 0.028506271379703536
0 0.4576612903225806 0.6171607753705816 0.041935483870967745 0.030216647662485746
0 0.18266129032258063 0.5228050171037628 0.04516129032258064 0.020524515393386546
0 0.18346774193548387 0.5436145952109465 0.0467741935483871 0.022234891676168756
0 0.18225806451612903 0.6342645381984037 0.05241935483870968 0.018814139110604332
0 0.18266129032258063 0.6553591790193842 0.05 0.023375142531356898
0 0.267741935483871 0.6952679589509693 0.02661290322580645 0.03249714937286203
0 0.29758064516129035 0.6944127708095781 0.028225806451612902 0.03420752565564424
0 0.3721774193548387 0.411060433295325 0.03870967741935484 0.014823261117445839
1 0.3471774193548387 0.3677309007981756 0.03064516129032258 0.020524515393386546
1 0.5141129032258065 0.701539338654504 0.05161290322580645 0.02451539338654504
1 0.6705645161290322 0.47263397947548463 0.03064516129032258 0.02394526795895097
1 0.6701612903225806 0.5572976054732041 0.031451612903225803 0.04047890535917902
1 0.6407258064516129 0.24315849486887114 0.03225806451612903 0.021094640820980615
1 0.7096774193548387 0.44555302166476624 0.03951612903225806 0.030216647662485746
2 0.37459677419354837 0.3614595210946408 0.02258064516129032 0.02394526795895097
0 0.4991935483870968 0.48945267958950966 0.03467741935483871 0.029076396807297605
3 0.6133064516129032 0.4974344355758267 0.043548387096774194 0.021094640820980615
5 0.5439516129032258 0.49344355758266817 0.041935483870967745 0.027936145952109463
