0 0.46046793061718433 0.3882554161915621 0.0391286809197257 0.02565564424173318
0 0.5012101653892699 0.29389965792474343 0.038321903993545785 0.029076396807297605
0 0.5411456232351755 0.4136259977194983 0.0391286809197257 0.026225769669327253
0 0.45038321903993545 0.4853192702394527 0.05929810407422348 0.02993158494868871
0 0.5532472771278741 0.29389965792474343 0.03751512706736587 0.03192702394526796
0 0.590964098426785 0.32668187001140253 0.04033884630899556 0.026225769669327253
2 0.4584509883017346 0.45381984036488027 0.018959257765227916 0.02565564424173318
2 0.7059298104074223 0.34706385404789053 0.03065752319483663 0.017388825541619156
3 0.42517144009681324 0.4160490307867731 0.020976200080677694 0.024230330672748004
3 0.6540943929003631 0.30986316989737744 0.051230334812424366 0.02280501710376283
5 0.7045179507866075 0.2953249714937286 0.04154901169826543 0.027936145952109463
1 0.7303348124243647 0.4057867730900798 0.03428801936264623 0.04076396807297605
1 0.25877369907220654 0.3651653363740023 0.03509479628882614 0.04789053591790194
1 0.4826542960871319 0.7146522234891676 0.05526421944332392 0.02280501710376283
1 0.6304961678096006 0.7196408209806158 0.10488100040338846 0.01282782212086659
1 0.7317466720451795 0.5416191562143672 0.03307785397337636 0.042759407069555305
1 0.7317466720451795 0.5915051311288484 0.03307785397337636 0.039908779931584946
1 0.46853569987898347 0.19726339794754846 0.031060911657926585 0.019954389965792473
1 0.7337636143606293 0.2575541619156214 0.029043969342476807 0.04076396807297605
1 0.7317466720451795 0.33209806157354615 0.03711173860427592 0.02280501710376283
1 0.40843081887858007 0.5732611174458381 0.018152480839048003 0.059293044469783354
