0 0.35155304558289635 0.47277651083238315 0.043162565550625254 0.026510832383124287
0 0.4947559499798306 0.36060433295324973 0.03751512706736587 0.02565564424173318
0 0.4538120209762001 0.4167616875712657 0.03630496167809601 0.028506271379703536
0 0.5334812424364663 0.38939566704675027 0.04235578862444534 0.02508551881413911
0 0.6692214602662364 0.39153363740022806 0.03711173860427592 0.024800456100342077
0 0.299717628075837 0.47633979475484606 0.04437273093989512 0.036488027366020526
0 0.4987898346107301 0.5761117445838084 0.04154901169826543 0.04218928164196123
2 0.39592577652279143 0.38583238312428736 0.022993142396127472 0.02194982896237172
3 0.43787817668414686 0.3844070695553022 0.03428801936264623 0.01909920182440137
4 0.3580072609923356 0.4032212086659065 0.038321903993545785 0.055587229190421895
1 0.4070189592577652 0.5889395667046751 0.055667607906413875 0.01653363740022805
1 0.3317870108914885 0.3159920182440137 0.02218636546994756 0.04475484606613455
1 0.5804759983864461 0.2728050171037628 0.06131504638967326 0.01710376282782212
1 0.8049616780960065 0.3349486887115165 0.026220250100847116 0.042759407069555305
1 0.8049616780960065 0.4791904218928164 0.02218636546994756 0.043329532497149374
1 0.6430012101653892 0.5896522234891676 0.1218233158531666 0.013397947548460661
