0 0.45784590560709965 0.3031641961231471 0.04033884630899556 0.03506271379703535
0 0.4554255748285599 0.3825541619156214 0.041145623235175476 0.028506271379703536
0 0.13775716014521985 0.5176738882554162 0.04961678096006454 0.020524515393386546
0 0.13876563130294473 0.5390535917901939 0.0572811617587737 0.022234891676168756
0 0.22952803549818476 0.6540763968072976 0.03146430012101654 0.03563283922462942
0 0.25675675675675674 0.6533637400228051 0.025413473174667203 0.03135689851767389
0 0.40096813231141587 0.572976054732041 0.041145623235175476 0.039908779931584946
0 0.4429205324727713 0.5012827822120867 0.04033884630899556 0.026510832383124287
0 0.5718031464300121 0.3841220068415051 0.03428801936264623 0.03278221208665907
0 0.4164985881403792 0.42118015963511973 0.058491327148043566 0.02708095781071836
0 0.6672045179507866 0.4378563283922463 0.03711173860427592 0.026225769669327253
0 0.7079467527228721 0.4374287343215507 0.03630496167809601 0.021379703534777653
0 0.7494957644211375 0.4090649942987457 0.03630496167809601 0.02565564424173318
0 0.6863654699475595 0.40051311288483465 0.043162565550625254 0.011402508551881414
2 0.7150060508269463 0.3808437856328392 0.03428801936264623 0.014823261117445839
1 0.33501411859620817 0.4278791334093501 0.026220250100847116 0.011972633979475485
1 0.491327148043566 0.5889395667046751 0.03630496167809601 0.013683010262257697
1 0.6232351754739814 0.5877993158494869 0.060508269463493344 0.014253135689851768
1 0.772085518354175 0.5879418472063854 0.055667607906413875 0.015678449258836945
1 0.8416700282371924 0.4112029646522235 0.018959257765227916 0.021379703534777653
1 0.6702299314239613 0.3281071835803877 0.025413473174667203 0.02508551881413911
1 0.7085518354175071 0.35846636259977194 0.031060911657926585 0.01282782212086659
1 0.38039532069382814 0.33623147092360317 0.016135538523598225 0.021379703534777653
1 0.6752722872125857 0.22006841505131128 0.011294876966518758 0.019954389965792473
