0 0.42782258064516127 0.3291049030786773 0.04032258064516129 0.02708095781071836
0 0.4637096774193548 0.30031356898517675 0.03951612903225806 0.03221208665906499
0 0.5050403225806451 0.30216647662485746 0.03346774193548387 0.02565564424173318
0 0.5866935483870968 0.3031641961231471 0.035483870967741936 0.02936145952109464
0 0.6254032258064516 0.33053021664766247 0.04032258064516129 0.024230330672748004
0 0.3844758064516129 0.5585803876852907 0.02620967741935484 0.024230330672748004
0 0.4122983870967742 0.5592930444697833 0.02943548387096774 0.028506271379703536
0 0.5550403225806452 0.43101482326111745 0.034274193548387094 0.02565564424173318
0 0.5588709677419355 0.455672748004561 0.04435483870967742 0.023660205245153935
0 0.7016129032258065 0.4459806157354618 0.055645161290322584 0.02993158494868871
0 0.6149193548387096 0.5618586088939567 0.027419354838709678 0.03078677309007982
0 0.64375 0.5621436716077537 0.03024193548387097 0.039908779931584946
0 0.5877016129032258 0.4810433295324972 0.03508064516129032 0.03278221208665907
2 0.5477822580645161 0.3017388825541619 0.038306451612903226 0.02080957810718358
4 0.5479838709677419 0.2514253135689852 0.028225806451612902 0.05701254275940707
3 0.43649193548387094 0.25826681870011403 0.02943548387096774 0.027936145952109463
3 0.4344758064516129 0.23574686431014824 0.02943548387096774 0.027936145952109463
1 0.5241935483870968 0.21408209806157355 0.05967741935483871 0.01767388825541619
1 0.2776209677419355 0.2708095781071836 0.018145161290322582 0.04561003420752566
1 0.2772177419354839 0.45353477765108324 0.018951612903225806 0.04218928164196123
1 0.7762096774193549 0.26425313568985176 0.016935483870967744 0.042759407069555305
1 0.7772177419354839 0.36445267958950966 0.018951612903225806 0.043614595210946405
1 0.7221774193548387 0.5166761687571265 0.020161290322580645 0.04133409350057012
7 0.48125 0.3658779931584949 0.14717741935483872 0.02765108323831243
0 0.5725806451612904 0.3655929304446978 0.031451612903225803 0.02708095781071836
