0 0.42146522234891676 0.2971774193548387 0.028221208665906498 0.04112903225806452
0 0.47220638540478904 0.29778225806451614 0.025370581527936146 0.0407258064516129
0 0.5193842645381984 0.3443548387096774 0.027936145952109463 0.04032258064516129
0 0.5381984036488028 0.3060483870967742 0.02451539338654504 0.04435483870967742
0 0.3939566704675028 0.3435483870967742 0.027936145952109463 0.036290322580645164
0 0.4227480045610034 0.46754032258064515 0.027366020524515394 0.04395161290322581
0 0.6892816419612314 0.4594758064516129 0.027366020524515394 0.06008064516129032
2 0.7078107183580388 0.5758064516129032 0.019384264538198404 0.029838709677419355
3 0.6767388825541619 0.5528225806451613 0.01539338654503991 0.02338709677419355
1 0.5319270239452679 0.7211693548387097 0.08095781071835804 0.018951612903225806
1 0.2847776510832383 0.5195564516129032 0.01653363740022805 0.09959677419354838
1 0.2899087799315849 0.2979838709677419 0.02280501710376283 0.05806451612903226
4 0.48745724059293044 0.1808467741935484 0.05815279361459521 0.03588709677419355
3 0.5084093500570125 0.21673387096774194 0.01909920182440137 0.03588709677419355
3 0.507981755986317 0.2542338709677419 0.019954389965792473 0.0375
5 0.5047035347776511 0.2931451612903226 0.02765108323831243 0.041935483870967745
1 0.5568700114025086 0.20504032258064517 0.026510832383124287 0.025403225806451612
0 0.6620581527936146 0.511491935483871 0.01909920182440137 0.03669354838709677
7 0.43913911060433297 0.40504032258064515 0.062428734321550744 0.08669354838709678
