0 0.4800322710770472 0.5380558722919042 0.04033884630899556 0.04133409350057012
0 0.6395724082291246 0.4122006841505131 0.05445744251714401 0.029076396807297605
0 0.581484469544171 0.3184150513112885 0.03751512706736587 0.028506271379703536
0 0.5425574828559904 0.38155644241733183 0.04033884630899556 0.03221208665906499
0 0.6292860024203307 0.4357183580387685 0.04033884630899556 0.01795895096921323
2 0.6611536910044373 0.45524515393386544 0.03307785397337636 0.01710376282782212
3 0.636345300524405 0.31527936145952107 0.026220250100847116 0.026225769669327253
5 0.6315046389673256 0.2857753705815279 0.03428801936264623 0.024230330672748004
1 0.5982250907624042 0.27038198403648805 0.03227107704719645 0.02194982896237172
1 0.691407825736184 0.5116875712656784 0.023396530859217425 0.05131128848346636
1 0.6133521581282775 0.5863740022805017 0.07059298104074223 0.014253135689851768
1 0.3509479628882614 0.28677309007981755 0.03630496167809601 0.03192702394526796
1 0.2753126260588947 0.3509122006841505 0.0826946349334409 0.046180159635119726
1 0.2765227914481646 0.4357183580387685 0.10689794271883823 0.05786773090079818
7 0.609318273497378 0.367018244013683 0.08672851956434045 0.06413911060433296
