0 0.15676728334956183 0.508400292184076 0.054527750730282376 0.036523009495982466
0 0.10370009737098344 0.4306062819576333 0.04771178188899708 0.050401753104455806
0 0.10710808179162609 0.54163623082542 0.044790652385589096 0.04455807158509861
0 0.44498539435248297 0.6782322863403945 0.04868549172346641 0.0547845142439737
0 0.5170399221032133 0.5598977355734113 0.05842259006815969 0.03287070854638422
0 0.5715676728334956 0.5262965668371073 0.044790652385589096 0.03287070854638422
0 0.7341772151898734 0.5584368151935719 0.044790652385589096 0.031409788166544925
0 0.6241480038948394 0.5945945945945946 0.04089581304771178 0.03214024835646457
0 0.6703992210321325 0.5960555149744339 0.043816942551119765 0.03360116873630387
0 0.6489776046738072 0.5262965668371073 0.043816942551119765 0.03433162892622352
6 0.23369036027263876 0.4349890430971512 0.06621226874391431 0.02556610664718773
6 0.05404089581304771 0.5094959824689554 0.03213242453748783 0.04309715120525932
4 0.5394352482960078 0.4368151935719503 0.09152872444011685 0.03360116873630387
5 0.5180136319376826 0.5208181154127101 0.042843232716650435 0.036523009495982466
2 0.7862706913339824 0.5628195763330899 0.043816942551119765 0.019722425127830533
1 0.569620253164557 0.7319211102994887 0.06815968841285297 0.02191380569758948
1 0.7297955209347614 0.7311906501095691 0.06718597857838364 0.02191380569758948
1 0.815968841285297 0.5628195763330899 0.019474196689386564 0.019722425127830533
1 0.25705939629990265 0.4108838568298028 0.042843232716650435 0.018261504747991233
1 0.3943524829600779 0.4130752373995617 0.10126582278481013 0.016800584368151936
1 0.5306718597857838 0.4097881665449233 0.04673807205452775 0.017531044558071585
1 0.7030185004868549 0.41051862673484296 0.07010710808179163 0.020452885317750184
1 0.29308666017526774 0.7304601899196493 0.09152872444011685 0.02191380569758948
