0 0.329 0.6914722445695897 0.06066666666666667 0.09090909090909091
0 0.3243333333333333 0.32260659694288013 0.048666666666666664 0.06596942880128721
0 0.374 0.32260659694288013 0.050666666666666665 0.06757843925985518
0 0.5396666666666666 0.38495575221238937 0.062 0.07964601769911504
0 0.5253333333333333 0.47184231697506035 0.06133333333333333 0.07803700724054706
0 0.5916666666666667 0.414722445695897 0.03933333333333333 0.050683829444891394
0 0.6306666666666667 0.414722445695897 0.03866666666666667 0.05711987127916331
0 0.6906666666666667 0.31898632341110217 0.064 0.08286403861625101
0 0.7573333333333333 0.39541432019308126 0.064 0.07642799678197908
0 0.692 0.47063555913113436 0.06266666666666666 0.07884151246983105
0 0.6193333333333333 0.19348350764279967 0.06533333333333333 0.07320997586484312
2 0.5053333333333333 0.3032984714400644 0.04533333333333334 0.03378921962992759
3 0.574 0.3073209975864843 0.02266666666666667 0.038616251005631534
3 0.6313333333333333 0.5394207562349155 0.021333333333333333 0.042638777152051485
2 0.5083333333333333 0.22928399034593724 0.027333333333333334 0.05309734513274336
3 0.5553333333333333 0.23974255832662913 0.04 0.027353177795655673
2 0.6406666666666667 0.5989541432019309 0.04666666666666667 0.029766693483507644
6 0.44066666666666665 0.2071600965406275 0.030666666666666665 0.058728881737731296
1 0.16266666666666665 0.20233306516492358 0.029333333333333333 0.11504424778761062
1 0.11066666666666666 0.3141592920353982 0.06 0.03298471440064361
1 0.2 0.7172164119066774 0.09466666666666666 0.029766693483507644
1 0.38 0.7200321802091714 0.02 0.02574416733708769
1 0.949 0.5257441673370877 0.023333333333333334 0.11343523732904263
1 0.9496666666666667 0.2839903459372486 0.026 0.12389380530973451
