0 0.13992537313432835 0.23390557939914164 0.13059701492537312 0.06151645207439199
0 0.28171641791044777 0.3340486409155937 0.16044776119402984 0.05007153075822604
0 0.2873134328358209 0.6573676680972819 0.13432835820895522 0.06437768240343347
0 0.4496268656716418 0.5965665236051502 0.13805970149253732 0.05150214592274678
2 0.5279850746268657 0.3369098712446352 0.11567164179104478 0.030042918454935622
3 0.43843283582089554 0.37553648068669526 0.10820895522388059 0.030042918454935622
4 0.4496268656716418 0.290414878397711 0.25 0.04864091559370529
7 0.2873134328358209 0.4456366237482117 0.12686567164179105 0.07296137339055794
7 0.13246268656716417 0.48354792560801146 0.13059701492537312 0.1430615164520744
1 0.7238805970149254 0.4027181688125894 0.12686567164179105 0.02145922746781116
1 0.28544776119402987 0.01859799713876967 0.16791044776119404 0.017167381974248927
1 0.20522388059701493 0.8633762517882689 0.1865671641791045 0.02145922746781116
1 0.5764925373134329 0.9091559370529327 0.19776119402985073 0.024320457796852647
1 0.7425373134328358 0.8869814020028612 0.1044776119402985 0.04005722460658083
1 0.4085820895522388 0.8848354792560801 0.10820895522388059 0.03862660944206009
