0 0.48423605497170574 0.44767970882620567 0.04527081649151172 0.047315741583257506
0 0.40379951495553756 0.5245677888989991 0.039611964430072755 0.05368516833484986
0 0.404607922392886 0.6328480436760692 0.046079223928860144 0.055505004549590536
0 0.580032336297494 0.8102820746132848 0.04284559417946645 0.059144676979071886
0 0.49070331447049315 0.8876251137397634 0.04527081649151172 0.051865332120109194
0 0.048100242522231204 0.3521383075523203 0.06548100242522231 0.06915377616014559
0 0.2978981406628941 0.16469517743403095 0.039611964430072755 0.06005459508644222
0 0.40501212611156023 0.16014558689717925 0.04203718674211803 0.056414922656960874
2 0.10509296685529507 0.16014558689717925 0.0549717057396928 0.036396724294813464
3 0.2396928051738076 0.039126478616924476 0.033144704931285365 0.04185623293903549
4 0.1301535974130962 0.04367606915377616 0.10509296685529507 0.056414922656960874
1 0.07558609539207761 0.8234758871701547 0.010509296685529508 0.09099181073703366
1 0.9264349232012935 0.6464968152866242 0.012934518997574777 0.10464058234758872
1 0.9260307194826193 0.2961783439490446 0.010509296685529508 0.09008189262966333
1 0.9256265157639451 0.12283894449499545 0.016168148746968473 0.09099181073703366
1 0.07437348423605497 0.12829845313921748 0.01131770412287793 0.07097361237488627
