0 0.2708 0.5234728506787331 0.052 0.057126696832579184
0 0.2714 0.6521493212669683 0.05 0.058823529411764705
0 0.3796 0.49915158371040724 0.044 0.07183257918552036
0 0.4388 0.5576923076923077 0.0432 0.06561085972850679
0 0.4288 0.6490384615384616 0.0488 0.0582579185520362
0 0.6252 0.6077488687782805 0.0464 0.05373303167420815
0 0.2698 0.3947963800904977 0.05 0.058823529411764705
0 0.146 0.5014140271493213 0.0384 0.06957013574660634
0 0.6876 0.3506787330316742 0.048 0.057692307692307696
0 0.6362 0.4168552036199095 0.042 0.07239819004524888
0 0.8216 0.2992081447963801 0.0376 0.06900452488687783
0 0.7946 0.4194004524886878 0.0364 0.06957013574660634
0 0.8368 0.477658371040724 0.0208 0.041289592760180995
0 0.8594 0.47652714932126694 0.0244 0.04694570135746606
2 0.1166 0.38631221719457015 0.0356 0.030542986425339366
3 0.1084 0.47398190045248867 0.0224 0.0418552036199095
3 0.6392 0.5528846153846154 0.028 0.03789592760180995
2 0.692 0.5599547511312217 0.0224 0.05090497737556561
2 0.7968 0.4858597285067873 0.024 0.05090497737556561
4 0.1346 0.3269230769230769 0.07 0.05656108597285068
4 0.6752 0.6880656108597285 0.0728 0.0582579185520362
4 0.9002 0.3475678733031674 0.0468 0.11255656108597285
5 0.9082 0.4703054298642534 0.0572 0.09898190045248868
3 0.6982 0.29468325791855204 0.026 0.033936651583710405
3 0.766 0.29524886877828055 0.0232 0.032805429864253395
3 0.2688 0.32211538461538464 0.0248 0.02997737556561086
1 0.2128 0.29355203619909503 0.0512 0.016968325791855202
1 0.348 0.29355203619909503 0.0312 0.01583710407239819
1 0.503 0.29355203619909503 0.0796 0.01583710407239819
1 0.9062 0.27205882352941174 0.0468 0.013574660633484163
1 0.9404 0.33964932126696834 0.012 0.11368778280542986
1 0.94 0.4819004524886878 0.0088 0.05429864253393665
1 0.5074 0.8116515837104072 0.0756 0.012443438914027148
1 0.1926 0.8133484162895928 0.0756 0.016968325791855202
7 0.485 0.41091628959276016 0.1516 0.06957013574660634
7 0.4856 0.333710407239819 0.1576 0.07352941176470588
