0 0.39330218068535827 0.09936708860759494 0.06074766355140187 0.06455696202531645
0 0.39485981308411217 0.15949367088607594 0.0794392523364486 0.060759493670886074
0 0.4190031152647975 0.5139240506329114 0.0778816199376947 0.06582278481012659
0 0.7616822429906542 0.28860759493670884 0.08722741433021806 0.08860759493670886
0 0.6845794392523364 0.5050632911392405 0.08566978193146417 0.06329113924050633
0 0.8068535825545171 0.5082278481012659 0.08099688473520249 0.07721518987341772
0 0.4439252336448598 0.6177215189873417 0.08722741433021806 0.060759493670886074
0 0.3411214953271028 0.8563291139240506 0.08722741433021806 0.0620253164556962
0 0.5070093457943925 0.8721518987341772 0.08566978193146417 0.0759493670886076
0 0.9626168224299065 0.5816455696202532 0.07476635514018691 0.07215189873417721
0 0.6783489096573209 0.8582278481012658 0.08566978193146417 0.060759493670886074
2 0.5218068535825545 0.6474683544303798 0.040498442367601244 0.05189873417721519
3 0.5218068535825545 0.5613924050632911 0.056074766355140186 0.03417721518987342
7 0.5926791277258567 0.7531645569620253 0.08566978193146417 0.13924050632911392
6 0.5007788161993769 0.2911392405063291 0.07009345794392523 0.043037974683544304
6 0.8785046728971962 0.4050632911392405 0.0529595015576324 0.05822784810126582
1 0.18691588785046728 0.01708860759493671 0.1557632398753894 0.02911392405063291
1 0.5023364485981309 0.25569620253164554 0.1542056074766355 0.030379746835443037
1 0.8309968847352025 0.2563291139240506 0.0514018691588785 0.03164556962025317
1 0.20171339563862928 0.9632911392405064 0.2071651090342679 0.030379746835443037
1 0.7741433021806854 0.9632911392405064 0.1526479750778816 0.030379746835443037
0 0.6643302180685359 0.5835443037974684 0.05451713395638629 0.05569620253164557
0 0.6651090342679128 0.6379746835443038 0.059190031152647975 0.05569620253164557
