0 0.2905770964833183 0.47036371800628646 0.03651938683498648 0.04355635383924562
0 0.39833183047790804 0.6122586439155815 0.035617673579801626 0.03637180062864841
0 0.4220018034265104 0.5698248765154917 0.034265103697024346 0.03592276605298608
0 0.43417493237150584 0.4211944319712618 0.034265103697024346 0.03771890435563539
0 0.6262398557258791 0.647507858105074 0.030658250676284943 0.028738212842388863
0 0.6614066726780884 0.6140547822182308 0.030658250676284943 0.02828917826672654
0 0.722497745716862 0.6511001347103726 0.032912533814247066 0.029636281993713515
0 0.7633002705139765 0.6037269869779973 0.0387736699729486 0.03188145487202514
5 0.8146979260595131 0.6430175123484508 0.027051397655545536 0.030534351145038167
0 0.5371956717763751 0.6311180960933992 0.032912533814247066 0.03816793893129771
6 0.4260595130748422 0.6699595868881904 0.031559963931469794 0.02334979793444095
6 0.3609107303877367 0.42703188145487203 0.02569882777276826 0.0449034575662326
1 0.5550045085662759 0.28805568028738215 0.07303877366997295 0.01661427929950606
1 0.6384129846708747 0.33542882801975754 0.016230838593327322 0.07274360125729681
1 0.746844003606853 0.4975303098338572 0.013074842200180343 0.0691513246519982
1 0.8083859332732192 0.5568028738212842 0.028854824165915238 0.020655590480466997
1 0.20671776375112713 0.4546475078581051 0.03651938683498648 0.022002694207453974
1 0.43778178539224527 0.6921867983834755 0.034265103697024346 0.01661427929950606
1 0.640892696122633 0.7833408172429277 0.04733994589720469 0.022002694207453974
1 0.7815599639314698 0.7837898518185901 0.04914337240757439 0.022900763358778626
1 0.3385933273219116 0.42366412213740456 0.018034265103697024 0.0327795240233498
2 0.6284941388638413 0.5810507409070499 0.030658250676284943 0.020655590480466997
