0 0.10855043420173681 0.3320793433652531 0.047428189712758854 0.0704514363885089
0 0.16032064128256512 0.43946648426812585 0.049432197728790914 0.04582763337893297
0 0.11055444221776888 0.4849521203830369 0.047428189712758854 0.0560875512995896
0 0.5283901135604543 0.5133378932968536 0.05477621910487642 0.052667578659370724
0 0.5871743486973948 0.4630642954856361 0.04408817635270541 0.04103967168262654
0 0.6663326653306614 0.46238030095759236 0.04208416833667335 0.047879616963064295
0 0.6907147628590514 0.5598495212038304 0.04008016032064128 0.04993160054719562
0 0.6436205744822979 0.5601915184678523 0.04208416833667335 0.046511627906976744
0 0.45858383433533734 0.6805745554035568 0.050100200400801605 0.07387140902872777
0 0.7575150300601202 0.5082079343365253 0.04008016032064128 0.03967168262653899
5 0.5307281229124916 0.45656634746922026 0.04342017368069472 0.04719562243502052
4 0.5564462257849031 0.3402872777017784 0.09218436873747494 0.043091655266757865
2 0.8082832331329325 0.5157318741450069 0.036072144288577156 0.025991792065663474
1 0.2621910487641951 0.30540355677154585 0.052772211088844355 0.0280437756497948
1 0.4051436205744823 0.30437756497948015 0.1008684034736139 0.023255813953488372
1 0.5450901803607214 0.30403556771545825 0.049432197728790914 0.030779753761969904
1 0.7214428857715431 0.3012995896032832 0.07348029392117568 0.029411764705882353
1 0.8420173680694722 0.5136798905608755 0.019372077488309953 0.024623803009575923
1 0.5865063460253841 0.7510259917920656 0.07080828323313293 0.027359781121751026
1 0.7498329993319973 0.7496580027359782 0.07147628590514363 0.03146374829001368
1 0.3012692050768203 0.7541039671682627 0.09218436873747494 0.023939808481532147
6 0.05911823647294589 0.44562243502051985 0.035404141616566465 0.06224350205198358
6 0.24148296593186372 0.33549931600547195 0.072812291249165 0.03625170998632011
