15 0.422118 0.513924 0.080997 0.073418
15 0.805296 0.510127 0.080997 0.073418
15 0.508567 0.873418 0.095016 0.081013
15 0.342679 0.856962 0.102804 0.065823
15 0.955607 0.582278 0.088785 0.070886
15 0.679907 0.503797 0.088785 0.070886
15 0.760125 0.287342 0.090343 0.093671
15 0.679128 0.856329 0.093458 0.069620
15 0.392523 0.094937 0.080997 0.073418
15 0.395639 0.160759 0.080997 0.073418
17 0.502336 0.291139 0.076324 0.043038
17 0.873832 0.406329 0.056075 0.060759
16 0.503115 0.256329 0.149533 0.029114
16 0.190031 0.017089 0.161994 0.031646
16 0.203271 0.960759 0.204050 0.030380
16 0.774143 0.963291 0.161994 0.030380
16 0.833333 0.260127 0.056075 0.026582
16 0.570872 0.905696 0.060748 0.024051
16 0.442368 0.905696 0.049844 0.021519
15 0.439252 0.619620 0.080997 0.064557
18 0.521028 0.563924 0.060748 0.036709
19 0.521028 0.650000 0.045171 0.049367
21 0.876947 0.403797 0.052960 0.270886
21 0.366044 0.354430 0.080997 0.174684
21 0.521807 0.298101 0.380062 0.054430
21 0.685358 0.375949 0.062305 0.136709
