15 0.390263 0.430218 0.072643 0.069175
15 0.758887 0.654126 0.077280 0.070388
15 0.289799 0.836772 0.100464 0.066748
15 0.583462 0.839199 0.100464 0.066748
15 0.589645 0.496966 0.100464 0.066748
15 0.294436 0.496966 0.100464 0.066748
16 0.185471 0.261529 0.148377 0.023058
16 0.775889 0.262743 0.148377 0.023058
16 0.758887 0.938714 0.148377 0.023058
16 0.188563 0.881675 0.148377 0.023058
16 0.455951 0.882888 0.102009 0.023058
16 0.437403 0.261529 0.102009 0.023058
19 0.356260 0.305218 0.063369 0.042476
19 0.892581 0.589806 0.063369 0.043689
18 0.346213 0.359223 0.049459 0.046117
18 0.826121 0.555218 0.063369 0.040049
20 0.370943 0.648058 0.080371 0.106796
27 0.125966 0.520024 0.097372 0.037621
27 0.255023 0.597087 0.102009 0.053398
27 0.532457 0.578883 0.057187 0.084951
23 0.687017 0.583131 0.088099 0.081311
23 0.510046 0.424150 0.077280 0.057039
24 0.516229 0.330704 0.058733 0.117718
25 0.773570 0.129248 0.421947 0.241505
26 0.288253 0.937500 0.542504 0.081311
