16 0.211806 0.164711 0.114583 0.053249
16 0.204861 0.467058 0.125000 0.064079
16 0.447917 0.587996 0.125000 0.064079
16 0.397569 0.626805 0.125000 0.064079
16 0.553819 0.780235 0.135417 0.067690
16 0.411458 0.844314 0.135417 0.067690
16 0.517361 0.115975 0.135417 0.067690
16 0.456597 0.041065 0.135417 0.067690
17 0.166667 0.672834 0.135417 0.027978
17 0.790799 0.905235 0.404514 0.034296
17 0.327257 0.023917 0.140625 0.029783
17 0.602431 0.875000 0.048611 0.060469
17 0.644965 0.099729 0.057292 0.058664
17 0.647569 0.231949 0.041667 0.097473
18 0.589410 0.238267 0.098958 0.167870
19 0.595486 0.240523 0.072917 0.076715
18 0.340278 0.235108 0.142361 0.154332
20 0.585069 0.053700 0.079861 0.053249
21 0.588542 0.135830 0.083333 0.038809
22 0.335938 0.719314 0.123264 0.099278
16 0.736111 0.290162 0.135417 0.067690
16 0.866319 0.291065 0.135417 0.067690
