16 0.214450 0.038677 0.204128 0.075112
16 0.365826 0.502242 0.167431 0.073991
16 0.514908 0.504484 0.167431 0.073991
16 0.608945 0.562780 0.167431 0.073991
16 0.400229 0.646861 0.167431 0.073991
16 0.285550 0.735426 0.167431 0.073991
20 0.136468 0.757287 0.126147 0.041480
23 0.225917 0.873879 0.259174 0.068386
21 0.114679 0.804372 0.082569 0.048206
17 0.415138 0.057735 0.192661 0.028027
17 0.576835 0.140695 0.066514 0.095291
17 0.057339 0.597534 0.068807 0.116592
17 0.474771 0.944507 0.059633 0.088565
17 0.744266 0.239910 0.332569 0.029148
17 0.208716 0.913117 0.220183 0.028027
17 0.729358 0.977578 0.541284 0.026906
22 0.159404 0.621076 0.208716 0.215247
22 0.496560 0.371076 0.116972 0.134529
