28 0.211517 0.498210 0.115165 0.065632
28 0.292474 0.602625 0.060433 0.155131
15 0.392246 0.818019 0.072976 0.075179
15 0.392246 0.940931 0.070696 0.082339
15 0.419042 0.349642 0.062714 0.090692
15 0.783352 0.652148 0.072976 0.075179
15 0.800456 0.586516 0.072976 0.075179
15 0.481186 0.411098 0.072976 0.075179
15 0.415051 0.495823 0.072976 0.075179
36 0.251995 0.189737 0.077537 0.124105
36 0.045610 0.542959 0.077537 0.124105
29 0.105473 0.671241 0.039909 0.056086
30 0.197263 0.666468 0.070696 0.096659
31 0.245154 0.816229 0.102623 0.097852
32 0.618586 0.754773 0.064994 0.134845
33 0.612885 0.835322 0.051311 0.057279
33 0.614025 0.670644 0.044470 0.031026
33 0.568415 0.787589 0.051311 0.057279
33 0.667047 0.781026 0.047891 0.056086
20 0.358039 0.601432 0.063854 0.150358
34 0.796465 0.792959 0.046750 0.051313
35 0.589510 0.510740 0.045610 0.081146
21 0.485747 0.575179 0.050171 0.212411
21 0.598062 0.490453 0.297605 0.059666
21 0.856899 0.794749 0.190422 0.052506
21 0.925314 0.697494 0.051311 0.251790
17 0.684721 0.492840 0.058153 0.050119
17 0.859749 0.798329 0.057013 0.045346
19 0.590080 0.341885 0.049031 0.039379
18 0.478335 0.341885 0.030787 0.041766
24 0.550741 0.281026 0.120867 0.063246
23 0.573546 0.412888 0.088940 0.071599
16 0.208096 0.455251 0.071836 0.034606
16 0.203535 0.887232 0.071836 0.034606
16 0.861460 0.832339 0.071836 0.034606
16 0.604903 0.886038 0.108324 0.036993
16 0.628848 0.120525 0.037628 0.069212
16 0.626568 0.342482 0.037628 0.069212
16 0.962942 0.651551 0.042189 0.071599
16 0.757127 0.514320 0.036488 0.054893
16 0.684721 0.454057 0.071836 0.034606
27 0.337514 0.368138 0.075257 0.036993
37 0.454390 0.119928 0.117446 0.153938
16 0.281072 0.099045 0.037628 0.069212
