19 0.119400 0.387161 0.042000 0.039027
19 0.796600 0.485294 0.022800 0.056561
19 0.691200 0.558824 0.024800 0.058824
24 0.136000 0.329186 0.072800 0.063348
24 0.900000 0.348699 0.048800 0.120475
15 0.272400 0.521776 0.056000 0.063914
15 0.270800 0.651018 0.060000 0.065611
15 0.626000 0.606052 0.056000 0.063914
24 0.676600 0.688631 0.082800 0.063914
15 0.687600 0.349265 0.056000 0.063914
15 0.818800 0.302602 0.048000 0.080317
15 0.796000 0.415724 0.048000 0.080317
15 0.379200 0.498869 0.048000 0.080317
15 0.438400 0.558258 0.048000 0.080317
15 0.147200 0.494910 0.048000 0.080317
15 0.269600 0.395645 0.056000 0.063914
15 0.636800 0.420814 0.048000 0.080317
15 0.426800 0.647907 0.056000 0.063914
17 0.108000 0.471154 0.019200 0.037330
17 0.268600 0.321550 0.030000 0.035633
17 0.694200 0.294400 0.030000 0.035633
17 0.767000 0.295532 0.030000 0.035633
17 0.638200 0.551753 0.030000 0.035633
23 0.906800 0.471437 0.059200 0.115950
38 0.484000 0.369627 0.152800 0.147624
16 0.212400 0.295532 0.053600 0.018665
16 0.348600 0.294683 0.043600 0.019231
16 0.502000 0.294118 0.088800 0.022624
16 0.908800 0.271493 0.053600 0.022624
16 0.191400 0.813066 0.078000 0.033371
16 0.507000 0.811369 0.078000 0.033371
16 0.661200 0.727376 0.035200 0.026018
16 0.940200 0.484163 0.013200 0.064480
16 0.093000 0.382353 0.013200 0.064480
16 0.940400 0.342195 0.013600 0.119910
27 0.848400 0.477093 0.046400 0.045814
