0 0.3971927162367223 0.2229454841334418 0.04628224582701062 0.03417412530512612
0 0.47458270106221545 0.24003254678600489 0.04628224582701062 0.03417412530512612
0 0.40477996965098634 0.29617575264442636 0.04628224582701062 0.03417412530512612
0 0.40250379362670713 0.35882831570382423 0.04324734446130501 0.03417412530512612
0 0.47382397572078905 0.36371033360455657 0.0417298937784522 0.04068348250610252
0 0.8053869499241275 0.4564686737184703 0.0417298937784522 0.04068348250610252
0 0.582701062215478 0.32384052074857606 0.03338391502276176 0.04068348250610252
0 0.5102427921092565 0.5130187144019528 0.04021244309559939 0.046379170056956874
0 0.29969650986342944 0.548006509357201 0.04552352048558422 0.04800650935720097
0 0.6176024279210925 0.2615947925142392 0.036418816388467376 0.044751830756712775
2 0.47382397572078905 0.40724165988608624 0.03414264036418816 0.02034174125305126
6 0.5614567526555387 0.5170870626525631 0.05007587253414264 0.026851098454027666
6 0.5212443095599393 0.6061838893409276 0.024279210925644917 0.03742880390561432
1 0.3971927162367223 0.09723352318958503 0.05386949924127466 0.023596419853539462
1 0.47003034901365703 0.775020341741253 0.03566009104704097 0.01871440195280716
1 0.7621396054628224 0.23881204231082181 0.07966616084977238 0.01871440195280716
1 0.6855083459787557 0.5374288039056143 0.07966616084977238 0.01871440195280716
1 0.8463581183611533 0.39259560618388933 0.026555386949924126 0.03824247355573637
1 0.281866464339909 0.2933279088689992 0.026555386949924126 0.03824247355573637
1 0.281866464339909 0.38120423108218066 0.022003034901365705 0.061025223759153785
1 0.5937025796661608 0.17290480065093572 0.022003034901365705 0.061025223759153785
4 0.3216995447647951 0.25874694873881204 0.05614567526555387 0.03417412530512612
5 0.37025796661608495 0.26078112286411714 0.025796661608497723 0.03498779495524817
