0 0.4592013888888889 0.039711191335740074 0.09895833333333333 0.04693140794223827
0 0.2092013888888889 0.16561371841155234 0.08854166666666667 0.03700361010830325
0 0.4991319444444444 0.1164259927797834 0.08854166666666667 0.05054151624548736
0 0.7430555555555556 0.28835740072202165 0.11458333333333333 0.04422382671480144
0 0.8559027777777778 0.28925992779783394 0.11458333333333333 0.04422382671480144
0 0.203125 0.47157039711191334 0.09027777777777778 0.04422382671480144
0 0.453125 0.5834837545126353 0.10069444444444445 0.0388086642599278
0 0.3975694444444444 0.6286101083032491 0.0625 0.042418772563176894
0 0.5572916666666666 0.7820397111913358 0.08680555555555555 0.05144404332129964
0 0.4053819444444444 0.8366425992779783 0.10243055555555555 0.039711191335740074
2 0.5833333333333334 0.05324909747292419 0.0625 0.04693140794223827
3 0.5842013888888888 0.13537906137184116 0.07118055555555555 0.02527075812274368
1 0.6475694444444444 0.09792418772563177 0.03125 0.04061371841155235
1 0.6432291666666666 0.2355595667870036 0.029513888888888888 0.0776173285198556
1 0.1623263888888889 0.6728339350180506 0.09895833333333333 0.013537906137184115
1 0.7881944444444444 0.9043321299638989 0.3472222222222222 0.010830324909747292
1 0.6032986111111112 0.8777075812274369 0.026041666666666668 0.03700361010830325
6 0.5989583333333334 0.2378158844765343 0.0798611111111111 0.07129963898916968
1 0.3307291666666667 0.026624548736462094 0.0920138888888889 0.015342960288808664
