0 0.5532681420483788 0.494212380473075 0.04220277920741122 0.03120281831907398
0 0.5882655687081833 0.44489179667840967 0.04014410705095214 0.04026170105686965
0 0.628152341739578 0.5085556114745848 0.041688111168296446 0.033719174635128336
0 0.667524446731858 0.5513336688475088 0.04220277920741122 0.04177151484650227
0 0.7534740092640247 0.6263210870659285 0.04734945959855893 0.0377453447408153
0 0.4451878538342769 0.7209360845495723 0.0391147709727226 0.05586311021640664
0 0.5743695316520844 0.24660291897332662 0.0319094184251158 0.043281328636134875
0 0.5530108080288214 0.29139406139909413 0.035512094698919194 0.03120281831907398
0 0.6227483273288729 0.3291394061399094 0.0391147709727226 0.03220936084549572
0 0.6268656716417911 0.24660291897332662 0.041173443129181676 0.03220936084549572
3 0.5941842511580031 0.5759939607448414 0.03242408646423057 0.0206341217916457
0 0.7007205352547606 0.3178158027176648 0.028306742151312403 0.019627579265223957
4 0.45496654657745755 0.3014594866633115 0.03705609881626351 0.07347760442878712
6 0.48481729284611425 0.3532964267740312 0.05352547606793618 0.025163563160543533
6 0.7071538857436953 0.4765978862606945 0.04529078744209985 0.027176648213387014
0 0.4552238805970149 0.4957221942627076 0.03757076685537828 0.03724207347760443
5 0.7424086464230572 0.29089079013588326 0.030365414307771486 0.028183190739808756
3 0.6731857951621204 0.28384499245093103 0.0195573854863613 0.027176648213387014
1 0.6600617601646938 0.12078510317060896 0.05404014410705095 0.021137393054856568
1 0.7702007205352548 0.27403120281831905 0.016984045290787442 0.0206341217916457
1 0.42820380854348944 0.19048817312531455 0.022645393721049924 0.05284348263714142
1 0.42820380854348944 0.293658782083543 0.0195573854863613 0.03975842979365878
1 0.43026248069994855 0.40236537493709107 0.020586721564590838 0.06894816305988928
1 0.34328358208955223 0.4539506794162053 0.08440555841482245 0.017111222949169603
1 0.3139475038600103 0.7848515349773528 0.0782295419454452 0.019627579265223957
1 0.5633041688111168 0.7828384499245093 0.04683479155944416 0.025666834423754403
1 0.7720020586721564 0.5737292400603925 0.024704065877509007 0.025163563160543533
1 0.7691713844570253 0.3636134876698541 0.02213072568193515 0.05586311021640664
1 0.7727740607308287 0.5045294413688979 0.02213072568193515 0.027679919476597887
