0 0.4127708095781072 0.33991935483870966 0.03135689851767389 0.04758064516129032
0 0.3825541619156214 0.3816532258064516 0.0330672748004561 0.046370967741935484
0 0.4122006841505131 0.4647177419354839 0.029646522234891677 0.04395161290322581
0 0.4652223489167617 0.46754032258064515 0.033637400228050174 0.04233870967741935
0 0.5992018244013683 0.3278225806451613 0.03192702394526796 0.04435483870967742
0 0.5471778791334093 0.326008064516129 0.02765108323831243 0.04233870967741935
0 0.6895667046750285 0.5721774193548387 0.0330672748004561 0.03951612903225806
0 0.632411630558723 0.3816532258064516 0.02993158494868871 0.04717741935483871
0 0.6307012542759407 0.3407258064516129 0.034492588369441274 0.04032258064516129
2 0.5974914481185861 0.2534274193548387 0.014823261117445839 0.03185483870967742
1 0.3654503990877993 0.601008064516129 0.053021664766248575 0.02056451612903226
1 0.2937571265678449 0.3149193548387097 0.014538198403648802 0.04516129032258064
1 0.4243158494868871 0.22641129032258064 0.03050171037628278 0.02379032258064516
1 0.7346066134549601 0.5296370967741936 0.013112884834663626 0.04314516129032258
1 0.734036488027366 0.4112903225806452 0.014823261117445839 0.03306451612903226
1 0.7336088939566705 0.2931451612903226 0.011117445838084378 0.03467741935483871
