0 0.3656716417910448 0.29846066134549604 0.03751512706736587 0.03420752565564424
0 0.2654296087131908 0.36801596351197263 0.04437273093989512 0.026225769669327253
0 0.2654296087131908 0.39866020524515394 0.04437273093989512 0.023660205245153935
0 0.3721258572004841 0.3727194982896237 0.0463896732553449 0.02708095781071836
0 0.5195643404598629 0.45595781071835806 0.03227107704719645 0.03278221208665907
0 0.5189592577652279 0.5088369441277081 0.03751512706736587 0.028506271379703536
0 0.5609116579265833 0.5095496009122007 0.03428801936264623 0.03278221208665907
2 0.41609519967728925 0.4150513112884835 0.022993142396127472 0.026225769669327253
0 0.41064945542557485 0.4823261117445838 0.04033884630899556 0.028506271379703536
0 0.5992335619201291 0.48018814139110605 0.038321903993545785 0.024230330672748004
4 0.5627269060104881 0.43472063854047893 0.03227107704719645 0.06271379703534778
1 0.08229124647035095 0.3373717217787913 0.015328761597418314 0.043614595210946405
1 0.08229124647035095 0.43072976054732043 0.01936264622831787 0.04503990877993159
1 0.08188785800726099 0.5544469783352337 0.02016942315449778 0.05986316989737742
1 0.2628075837031061 0.17702394526795895 0.03509479628882614 0.013683010262257697
1 0.4584509883017346 0.2314709236031927 0.021379588543767647 0.08551881413911061
0 0.36809197256958454 0.32839224629418473 0.0463896732553449 0.03135689851767389
1 0.5129084308188786 0.5992018244013683 0.03751512706736587 0.014253135689851768
1 0.654699475594998 0.5982041049030786 0.0645421540943929 0.015108323831242873
1 0.7519160951996773 0.44469783352337516 0.023396530859217425 0.039908779931584946
1 0.35498184751916095 0.7333238312428735 0.11698265429608713 0.009977194982896237
1 0.5108914885034288 0.39723489167616877 0.03509479628882614 0.016248574686431014
