0 0.49899193548387094 0.31100342075256554 0.045564516129032256 0.04218928164196123
0 0.5661290322580645 0.31100342075256554 0.036290322580645164 0.029076396807297605
0 0.5574596774193549 0.354903078677309 0.04314516129032258 0.028506271379703536
0 0.5171370967741935 0.45139680729760545 0.03346774193548387 0.024800456100342077
0 0.46875 0.48346636259977194 0.04314516129032258 0.02508551881413911
0 0.5131048387096774 0.5119726339794755 0.0375 0.023375142531356898
0 0.5044354838709677 0.6145952109464082 0.056451612903225805 0.029076396807297605
3 0.6193548387096774 0.4471208665906499 0.028225806451612902 0.01795895096921323
0 0.34516129032258064 0.3651653363740023 0.028225806451612902 0.023375142531356898
1 0.3215725806451613 0.5169612314709237 0.025403225806451612 0.0419042189281642
1 0.6858870967741936 0.36088939566704675 0.020161290322580645 0.043329532497149374
1 0.6860887096774193 0.45353477765108324 0.018145161290322582 0.020524515393386546
1 0.686491935483871 0.5537343215507412 0.021370967741935483 0.04703534777651083
