0 0.5054161915621437 0.3133064516129032 0.0330672748004561 0.04112903225806452
0 0.5410490307867731 0.3159274193548387 0.03192702394526796 0.04717741935483871
0 0.30615735461801596 0.5108870967741935 0.03135689851767389 0.04112903225806452
0 0.36659064994298746 0.5574596774193549 0.03249714937286203 0.04233870967741935
0 0.4035062713797035 0.5570564516129032 0.03506271379703535 0.04153225806451613
0 0.3715792474344356 0.6006048387096774 0.03050171037628278 0.04233870967741935
0 0.32938996579247437 0.4465725806451613 0.03905359179019384 0.04314516129032258
0 0.5384834663625998 0.44637096774193546 0.03192702394526796 0.042741935483870966
1 0.24771949828962372 0.48770161290322583 0.02451539338654504 0.0375
1 0.21892816419612315 0.5596774193548387 0.02394526795895097 0.06370967741935483
1 0.37001140250855186 0.7346774193548387 0.02394526795895097 0.03306451612903226
1 0.439709236031927 0.7352822580645161 0.04133409350057012 0.03024193548387097
1 0.5587229190421893 0.7 0.043329532497149374 0.031451612903225803
2 0.3015963511972634 0.71875 0.020524515393386546 0.031048387096774193
5 0.2338939566704675 0.7159274193548387 0.02594070695553022 0.039919354838709675
3 0.26396807297605474 0.7173387096774193 0.03591790193842646 0.031451612903225803
2 0.3379418472063854 0.5943548387096774 0.01909920182440137 0.03387096774193549
3 0.3329532497149373 0.6536290322580646 0.021094640820980615 0.04516129032258064
5 0.33594640820980615 0.713508064516129 0.02708095781071836 0.0375
1 0.6864310148232611 0.3006048387096774 0.01596351197263398 0.07379032258064516
1 0.6870011402508552 0.6518145161290323 0.01596351197263398 0.07701612903225806
7 0.5266533637400228 0.3792338709677419 0.062428734321550744 0.0875
