0 0.4856797095603066 0.29789053591790193 0.03711173860427592 0.03135689851767389
0 0.44594594594594594 0.3933865450399088 0.038321903993545785 0.028506271379703536
0 0.5760387252924566 0.3787058152793615 0.04033884630899556 0.02765108323831243
0 0.5794675272287213 0.40935005701254273 0.04154901169826543 0.026225769669327253
0 0.5724082291246471 0.43999429874572404 0.04517950786607503 0.033352337514253136
0 0.47398144413069787 0.5122576966932725 0.04033884630899556 0.028506271379703536
0 0.4110528438886648 0.4392816419612315 0.05163372327551432 0.029076396807297605
0 0.3717224687373941 0.5792474344355758 0.033481242436466316 0.039908779931584946
1 0.26522791448164584 0.36402508551881413 0.02218636546994756 0.042759407069555305
1 0.29306171843485274 0.4161915621436716 0.02944735780556676 0.01710376282782212
1 0.7559499798305769 0.4756271379703535 0.023396530859217425 0.0419042189281642
1 0.6490520371117386 0.34948688711516535 0.016942315449778138 0.022234891676168756
1 0.6490520371117386 0.3784207525655644 0.020976200080677694 0.021379703534777653
1 0.44493747478822104 0.20438996579247434 0.03227107704719645 0.011402508551881414
1 0.5431625655506253 0.20453249714937285 0.031060911657926585 0.01282782212086659
1 0.33945139169019767 0.5287913340935005 0.022993142396127472 0.042759407069555305
1 0.40338846308995563 0.6456670467502851 0.02016942315449778 0.08551881413911061
3 0.5794675272287213 0.3259692132269099 0.03751512706736587 0.01909920182440137
5 0.6224283985478015 0.3295324971493729 0.04033884630899556 0.02508551881413911
2 0.6214199273900767 0.37371721778791334 0.026220250100847116 0.019384264538198404
4 0.5320693828156515 0.3634549600912201 0.03711173860427592 0.06271379703534778
