0 0.2726624857468643 0.3215725806451613 0.02765108323831243 0.039112903225806454
0 0.2706670467502851 0.2804435483870968 0.026510832383124287 0.03346774193548387
0 0.3010262257696693 0.28286290322580643 0.029076396807297605 0.03669354838709677
0 0.32653933865450396 0.3223790322580645 0.02594070695553022 0.0375
0 0.32668187001140253 0.3675403225806452 0.027366020524515394 0.039112903225806454
0 0.30045610034207526 0.4086693548387097 0.029076396807297605 0.0375
0 0.32539908779931587 0.4485887096774194 0.02993158494868871 0.04233870967741935
0 0.3557582668187001 0.4491935483870968 0.027366020524515394 0.0467741935483871
0 0.3242588369441277 0.5963709677419354 0.025370581527936146 0.056451612903225805
0 0.35903648802736604 0.5961693548387097 0.02594070695553022 0.05443548387096774
0 0.4526795895096921 0.5949596774193548 0.02451539338654504 0.05524193548387097
0 0.41006271379703535 0.3691532258064516 0.02594070695553022 0.04233870967741935
0 0.45168187001140253 0.44717741935483873 0.026510832383124287 0.04112903225806452
0 0.4734891676168757 0.4044354838709677 0.026795895096921322 0.04032258064516129
0 0.5468928164196123 0.39838709677419354 0.02993158494868871 0.062096774193548386
0 0.5858038768529077 0.5195564516129032 0.028506271379703536 0.0375
0 0.6921322690992018 0.5195564516129032 0.028506271379703536 0.039112903225806454
0 0.7224914481185861 0.5280241935483871 0.02594070695553022 0.039112903225806454
0 0.734321550741163 0.7375 0.028506271379703536 0.055645161290322584
0 0.8013112884834663 0.5683467741935484 0.02565564424173318 0.05604838709677419
1 0.47448688711516535 0.6737903225806452 0.015108323831242873 0.10403225806451613
1 0.475484606613455 0.7852822580645161 0.014253135689851768 0.10201612903225807
1 0.5219498289623717 0.8506048387096774 0.0701254275940707 0.018951612903225806
1 0.5977765108323831 0.8491935483870968 0.06841505131128849 0.017741935483870968
1 0.21564994298745724 0.3633064516129032 0.022519954389965794 0.02903225806451613
1 0.4126282782212087 0.3006048387096774 0.021379703534777653 0.032661290322580645
1 0.7149372862029647 0.44455645161290325 0.021094640820980615 0.03346774193548387
1 0.8482041049030786 0.5131048387096774 0.014538198403648802 0.06008064516129032
1 0.7796465222348917 0.6741935483870968 0.01596351197263398 0.056451612903225805
2 0.23189851767388825 0.2804435483870968 0.024230330672748004 0.024596774193548387
2 0.47291904218928166 0.3217741935483871 0.01710376282782212 0.03387096774193549
1 0.5145381984036488 0.3848790322580645 0.021094640820980615 0.032661290322580645
1 0.47263397947548463 0.2939516129032258 0.020524515393386546 0.01935483870967742
3 0.2683865450399088 0.3725806451612903 0.02080957810718358 0.02338709677419355
3 0.4459806157354618 0.3629032258064516 0.01909920182440137 0.04112903225806452
3 0.447405929304447 0.32298387096774195 0.01909920182440137 0.04032258064516129
4 0.37599771949828964 0.34516129032258064 0.02394526795895097 0.08225806451612903
5 0.23161345496009123 0.3233870967741935 0.02765108323831243 0.03951612903225806
