0 0.38497719498289623 0.4441306978620411 0.01909920182440137 0.04437273093989512
0 0.4053591790193843 0.445139169019766 0.019954389965792473 0.04961678096006454
0 0.5302166476624858 0.4390883420734167 0.03135689851767389 0.058491327148043566
0 0.6013397947548461 0.6107301331181928 0.018529076396807297 0.048406615570794675
0 0.6210091220068416 0.608914885034288 0.01909920182440137 0.050423557886244454
0 0.39238882554161914 0.28701089148850345 0.02594070695553022 0.035901573215006054
0 0.4241733181299886 0.290843081887858 0.02565564424173318 0.042759177087535294
0 0.7679589509692132 0.6113352158128278 0.019954389965792473 0.04800322710770472
0 0.7876282782212086 0.6099233561920129 0.021094640820980615 0.050826946349334406
0 0.4942987457240593 0.17043162565550626 0.019384264538198404 0.04800322710770472
0 0.5143956670467503 0.17164179104477612 0.01909920182440137 0.04719645018152481
0 0.580102622576967 0.2964905203711174 0.02394526795895097 0.03953206938281565
0 0.47947548460661343 0.3380395320693828 0.027936145952109463 0.045986284792254944
0 0.6458095781071835 0.2559499798305768 0.026510832383124287 0.03751512706736587
0 0.6727480045610034 0.29407018959257764 0.027366020524515394 0.03872529245663574
0 0.6723204104903079 0.3436869705526422 0.026510832383124287 0.03872529245663574
0 0.6724629418472063 0.381605486083098 0.027936145952109463 0.03953206938281565
0 0.8248289623717218 0.3929003630496168 0.033352337514253136 0.029850746268656716
0 0.8252565564424174 0.4213392496974587 0.033637400228050174 0.030254134731746672
0 0.8248289623717218 0.23396530859217426 0.03563283922462942 0.029043969342476807
0 0.8248289623717218 0.26401774909237596 0.03734321550741163 0.031060911657926585
0 0.5785347776510832 0.42295280354981846 0.02594070695553022 0.04154901169826543
1 0.30045610034207526 0.15288422751109318 0.022234891676168756 0.014521984671238403
1 0.24258836944127707 0.31423961274707546 0.020524515393386546 0.014521984671238403
1 0.427594070695553 0.15248083904800322 0.020524515393386546 0.01371520774505849
1 0.30744013683010263 0.38321903993545786 0.013968072976054732 0.0572811617587737
1 0.6619156214367161 0.1563130294473578 0.019954389965792473 0.019766034691407825
2 0.6517958950969214 0.18071803146430013 0.014538198403648802 0.03469140782573618
4 0.608751425313569 0.20592981040742234 0.023660205245153935 0.08188785800726099
5 0.6110319270239453 0.2942718838241226 0.02993158494868871 0.043969342476805166
3 0.6875712656784493 0.17970956030657523 0.029076396807297605 0.0326744655102864
