0 0.48 0.22495982860203534 0.04 0.03535083020889127
0 0.4012820512820513 0.2139796464916979 0.05282051282051282 0.03802892340653455
0 0.4064102564102564 0.34413497589716124 0.03538461538461538 0.035886448848419926
0 0.47846153846153844 0.3505623995715051 0.04512820512820513 0.04124263524370648
0 0.30025641025641026 0.5310658810926621 0.04974358974358974 0.04231387252276379
0 0.518974358974359 0.49758971612212105 0.04 0.051419389394750936
0 0.5915384615384616 0.31280128548473485 0.03538461538461538 0.037493304767005894
0 0.6246153846153846 0.24049276914836637 0.038974358974358976 0.05570433851098018
0 0.8156410256410257 0.44429566148901983 0.03948717948717949 0.06373861810391002
4 0.3233333333333333 0.24772362078200322 0.0641025641025641 0.033743974290305304
5 0.37564102564102564 0.24638457418318158 0.03333333333333333 0.03535083020889127
2 0.48128205128205126 0.3939475093733262 0.030256410256410255 0.023031601499732192
6 0.5676923076923077 0.4973219068023567 0.057435897435897436 0.025174076057846814
1 0.5838461538461538 0.5208891269416176 0.03743589743589744 0.02196036422067488
1 0.698974358974359 0.5206213176218533 0.08102564102564103 0.01821103374397429
1 0.48025641025641025 0.7552222817354044 0.03333333333333333 0.01713979646491698
1 0.5525641025641026 0.5835565077664703 0.014871794871794871 0.035886448848419926
1 0.7733333333333333 0.2233529726834494 0.0841025641025641 0.021424745581146223
1 0.5964102564102564 0.16014997321906801 0.024615384615384615 0.05570433851098018
1 0.3992307692307692 0.08757364756293519 0.05692307692307692 0.01981788966256026
1 0.8584615384615385 0.3738618103910016 0.020512820512820513 0.04499196572040707
1 0.2841025641025641 0.2806641671130155 0.02358974358974359 0.04284949116229245
1 0.2841025641025641 0.3660953401178361 0.019487179487179488 0.05945366898768077
