0 0.3634549600912201 0.5125 0.039908779931584946 0.04032258064516129
0 0.4646522234891676 0.30463709677419354 0.028506271379703536 0.04717741935483871
0 0.46251425313568983 0.3487903225806452 0.03506271379703535 0.042741935483870966
0 0.4945838084378563 0.5889112903225806 0.028506271379703536 0.06169354838709677
0 0.3993728620296465 0.6911290322580645 0.019954389965792473 0.0467741935483871
0 0.42160775370581527 0.6893145161290323 0.020524515393386546 0.04879032258064516
0 0.500285062713797 0.30463709677419354 0.028506271379703536 0.04717741935483871
0 0.5305017103762828 0.3473790322580645 0.0330672748004561 0.04233870967741935
0 0.49700684150513114 0.39153225806451614 0.031071835803876853 0.04435483870967742
0 0.5910775370581528 0.49516129032258066 0.02993158494868871 0.05967741935483871
1 0.5601482326111744 0.5622983870967742 0.028506271379703536 0.038306451612903226
1 0.6279931584948689 0.4403225806451613 0.027936145952109463 0.041935483870967745
1 0.6271379703534777 0.29758064516129035 0.028506271379703536 0.04032258064516129
1 0.5066989737742303 0.22358870967741937 0.022519954389965794 0.03508064516129032
1 0.35319270239452677 0.3469758064516129 0.019384264538198404 0.03346774193548387
2 0.46721778791334095 0.23911290322580644 0.01767388825541619 0.03387096774193549
3 0.5421892816419612 0.25564516129032255 0.01653363740022805 0.03306451612903226
5 0.5370581527936146 0.3030241935483871 0.029076396807297605 0.0375
