0 0.38426453819840367 0.3074596774193548 0.03135689851767389 0.044758064516129036
0 0.41177309007981755 0.4383064516129032 0.03164196123147092 0.041935483870967745
0 0.44170467502850624 0.2973790322580645 0.03050171037628278 0.05604838709677419
0 0.5927879133409351 0.3352822580645161 0.02936145952109464 0.045564516129032256
0 0.5208095781071835 0.33588709677419354 0.028506271379703536 0.04516129032258064
0 0.6567844925883695 0.3352822580645161 0.028506271379703536 0.04395161290322581
0 0.7250570125427594 0.3362903225806452 0.028221208665906498 0.04435483870967742
0 0.758266818700114 0.3790322580645161 0.033637400228050174 0.03951612903225806
0 0.7254846066134549 0.4223790322580645 0.029076396807297605 0.04395161290322581
0 0.4700684150513113 0.3056451612903226 0.01596351197263398 0.03951612903225806
5 0.6951254275940707 0.3336693548387097 0.02594070695553022 0.0375
2 0.48931014823261115 0.2600806451612903 0.014538198403648802 0.03306451612903226
4 0.6760262257696693 0.20625 0.0629988597491448 0.03588709677419355
3 0.6969783352337514 0.24838709677419354 0.019954389965792473 0.04516129032258064
3 0.6982611174458381 0.2941532258064516 0.021379703534777653 0.04798387096774193
1 0.40992018244013684 0.28286290322580643 0.02280501710376283 0.031048387096774193
1 0.6359749144811858 0.5735887096774194 0.029076396807297605 0.04233870967741935
1 0.6755986316989738 0.1875 0.021094640820980615 0.03225806451612903
1 0.7433010262257697 0.5405241935483871 0.19070695553021666 0.015725806451612902
1 0.8400798175598632 0.27560483870967745 0.02280501710376283 0.06169354838709677
1 0.5632839224629419 0.6391129032258065 0.09635119726339794 0.021774193548387097
1 0.3482041049030787 0.7548387096774194 0.3024515393386545 0.020967741935483872
