0 0.31108870967741936 0.4340079817559863 0.05846774193548387 0.02993158494868871
0 0.4657258064516129 0.30601482326111745 0.03306451612903226 0.02765108323831243
0 0.5131048387096774 0.33979475484606614 0.0375 0.03420752565564424
0 0.4848790322580645 0.42859179019384264 0.045564516129032256 0.0419042189281642
0 0.6804435483870968 0.5009977194982896 0.0375 0.02708095781071836
0 0.7586693548387097 0.43244013683010263 0.038306451612903226 0.028506271379703536
0 0.7586693548387097 0.4927309007981756 0.038306451612903226 0.024800456100342077
0 0.7586693548387097 0.5226624857468644 0.038306451612903226 0.024800456100342077
0 0.719758064516129 0.5504561003420753 0.037096774193548385 0.029076396807297605
2 0.5399193548387097 0.4238882554161916 0.016129032258064516 0.02280501710376283
4 0.8588709677419355 0.47633979475484606 0.031451612903225803 0.059293044469783354
3 0.7701612903225806 0.45709806157354615 0.04516129032258064 0.01909920182440137
3 0.8125 0.45852337514253133 0.037096774193548385 0.02194982896237172
1 0.37399193548387094 0.47206385404789053 0.06330645161290323 0.02508551881413911
1 0.6370967741935484 0.6359749144811858 0.05725806451612903 0.020524515393386546
1 0.801008064516129 0.6355473204104903 0.05846774193548387 0.021379703534777653
1 0.8800403225806451 0.4064994298745724 0.03508064516129032 0.043329532497149374
1 0.8800403225806451 0.47961801596351195 0.03346774193548387 0.021379703534777653
1 0.42943548387096775 0.2347491448118586 0.03306451612903226 0.02765108323831243
1 0.6139112903225806 0.23503420752565565 0.03346774193548387 0.021379703534777653
1 0.11451612903225807 0.33993728620296465 0.024193548387096774 0.09549600912200684
1 0.21129032258064517 0.40792474344355756 0.14112903225806453 0.011972633979475485
1 0.5629032258064516 0.471636259977195 0.04032258064516129 0.02708095781071836
