0 0.17574116305587228 0.2345703912868092 0.034492588369441274 0.030254134731746672
0 0.17673888255416192 0.263614360629286 0.036488027366020526 0.02864058087938685
0 0.17616875712656785 0.3949173053650666 0.033637400228050174 0.029850746268656716
0 0.17545610034207526 0.42315449778136344 0.033922462941847205 0.028237192416296894
0 0.21265678449258837 0.609721661960468 0.019384264538198404 0.04719645018152481
0 0.23261117445838084 0.6111335215812828 0.020524515393386546 0.04759983864461476
0 0.32853477765108324 0.2954820492133925 0.02708095781071836 0.0391286809197257
0 0.3559007981755986 0.25675675675675674 0.02594070695553022 0.043969342476805166
0 0.3289623717217788 0.3467123840258169 0.029076396807297605 0.038321903993545785
0 0.33010262257696693 0.3836224283985478 0.03249714937286203 0.03711173860427592
0 0.4223204104903079 0.42295280354981846 0.026510832383124287 0.0391286809197257
0 0.3792759407069555 0.608713190802743 0.018529076396807297 0.04517950786607503
0 0.3993728620296465 0.6105284388866479 0.021094640820980615 0.04881000403388463
0 0.4864595210946408 0.17123840258168616 0.02080957810718358 0.04800322710770472
0 0.5066989737742303 0.16982654296087132 0.01966932725199544 0.050826946349334406
0 0.41946978335233753 0.29709560306575233 0.02594070695553022 0.03670835014118596
0 0.4702109464082098 0.4372730939895119 0.03050171037628278 0.05244050020169423
0 0.5766818700114025 0.2936668011294877 0.02565564424173318 0.04517950786607503
0 0.6078962371721779 0.2874142799515934 0.02708095781071836 0.03670835014118596
0 0.5943557582668187 0.4465510286405809 0.020524515393386546 0.04679306171843485
0 0.6153078677309008 0.44695441710367084 0.01966932725199544 0.045986284792254944
0 0.5205245153933865 0.33783783783783783 0.029076396807297605 0.0391286809197257
3 0.31399657924743446 0.18071803146430013 0.02708095781071836 0.029043969342476807
2 0.3484891676168757 0.1809197256958451 0.015108323831242873 0.035901573215006054
4 0.39324401368301026 0.20492133924969747 0.023660205245153935 0.07987091569181122
5 0.3883979475484607 0.29306171843485274 0.031071835803876853 0.043969342476805166
1 0.338654503990878 0.1555062525211779 0.019384264538198404 0.020572811617587738
1 0.5719783352337514 0.15248083904800322 0.01909920182440137 0.012101653892698669
1 0.7008266818700114 0.15167406212182333 0.021379703534777653 0.012101653892698669
1 0.7578392246294184 0.31343283582089554 0.022519954389965794 0.01290843081887858
1 0.693557582668187 0.38463089955627267 0.01596351197263398 0.058491327148043566
