0 0.40439693424768053 0.5494583808437856 0.038321903993545785 0.02708095781071836
0 0.3259378781766841 0.5501710376282782 0.04033884630899556 0.03135689851767389
0 0.28701089148850345 0.5233751425313569 0.03509479628882614 0.029076396807297605
0 0.3676885841064946 0.4944412770809578 0.03751512706736587 0.02708095781071836
0 0.41306978620411455 0.5136830102622577 0.041145623235175476 0.01710376282782212
0 0.5532472771278741 0.43429304446978334 0.0391286809197257 0.02765108323831243
0 0.7035094796288827 0.3844070695553022 0.035498184751916094 0.02765108323831243
0 0.8083904800322711 0.5557297605473204 0.04921339249697459 0.021379703534777653
0 0.8083904800322711 0.5758266818700114 0.05163372327551432 0.019954389965792473
3 0.3217022993142396 0.4806157354618016 0.026220250100847116 0.03078677309007982
3 0.4473578055667608 0.4924458380843786 0.020976200080677694 0.021379703534777653
2 0.41044776119402987 0.4606613454960091 0.02218636546994756 0.023375142531356898
1 0.1619604679306172 0.47277651083238315 0.025413473174667203 0.0419042189281642
1 0.2617991125453812 0.6505131128848347 0.06938281565147236 0.011402508551881414
1 0.436668011294877 0.6512257696693272 0.06252521177894312 0.01282782212086659
1 0.6772892295280355 0.6519384264538198 0.08390480032271078 0.011402508551881414
1 0.8204921339249698 0.45852337514253133 0.020976200080677694 0.0419042189281642
1 0.8235175473981444 0.3715792474344356 0.014925373134328358 0.024800456100342077
1 0.36304961678096004 0.40607183580387685 0.028237192416296894 0.015678449258836945
1 0.41770875352964904 0.44070695553021666 0.018152480839048003 0.011972633979475485
1 0.5235982250907624 0.40436145952109465 0.016135538523598225 0.023660205245153935
0 0.491327148043566 0.4596636259977195 0.04033884630899556 0.02708095781071836
