0 0.28963291649858813 0.49942987457240595 0.033884630899556276 0.01710376282782212
0 0.2855990318676886 0.5182440136830102 0.03711173860427592 0.018244013683010263
0 0.3215006050826946 0.5501710376282782 0.026623638563937072 0.0330672748004561
0 0.35135135135135137 0.5470353477765109 0.03469140782573618 0.033637400228050174
0 0.28398547801532875 0.33266818700114026 0.048406615570794675 0.021094640820980615
0 0.2823719241629689 0.3526225769669327 0.04517950786607503 0.018814139110604332
0 0.663574021782977 0.3281071835803877 0.03307785397337636 0.033637400228050174
0 0.6595401371520775 0.3597491448118586 0.03791851553045583 0.026225769669327253
0 0.7107704719645018 0.5216647662485747 0.04356595401371521 0.03192702394526796
0 0.6179911254538121 0.5518814139110604 0.04195240016135539 0.028506271379703536
0 0.3937071399757967 0.5949258836944128 0.048406615570794675 0.018814139110604332
0 0.3924969745865268 0.6143101482326112 0.04759983864461476 0.01767388825541619
0 0.5429608713190803 0.6593500570125428 0.03872529245663574 0.029076396807297605
0 0.5050423557886244 0.6878563283922463 0.03872529245663574 0.027936145952109463
0 0.5433642597821702 0.7157924743443558 0.03630496167809601 0.026795895096921322
0 0.654699475594998 0.6077537058152793 0.03953206938281565 0.027366020524515394
0 0.6571198063735377 0.6887115165336374 0.041145623235175476 0.027366020524515394
0 0.5740217829770069 0.7591220068415051 0.042759177087535294 0.02451539338654504
0 0.6579265832997176 0.7599771949828963 0.045986284792254944 0.026225769669327253
2 0.7063331988705123 0.5538768529076397 0.03469140782573618 0.01653363740022805
3 0.6135538523598225 0.7377423033067275 0.041145623235175476 0.021664766248574687
3 0.4651068979427188 0.6616305587229191 0.041145623235175476 0.022234891676168756
3 0.5018152480839048 0.6616305587229191 0.033884630899556276 0.022234891676168756
5 0.40742234772085517 0.6644811858608894 0.03872529245663574 0.030216647662485746
5 0.6147640177490924 0.7850627137970353 0.04195240016135539 0.021664766248574687
1 0.5002016942315449 0.8053021664766249 0.05970149253731343 0.014253135689851768
1 0.7825736183945139 0.6094640820980616 0.01936264622831787 0.026225769669327253
1 0.7837837837837838 0.7186431014823261 0.02501008471157725 0.04161915621436716
1 0.7833803953206938 0.427594070695553 0.02581686163775716 0.043329532497149374
1 0.781363453005244 0.35290763968072975 0.021782977006857603 0.02394526795895097
1 0.37918515530455826 0.6884264538198404 0.01936264622831787 0.02565564424173318
