0 0.5177419354838709 0.5742588369441277 0.036290322580645164 0.02993158494868871
0 0.4949596774193548 0.6758836944127709 0.04717741935483871 0.020524515393386546
0 0.4939516129032258 0.6961231470923603 0.049193548387096775 0.02280501710376283
0 0.5171370967741935 0.4732041049030787 0.0375 0.02565564424173318
0 0.4441532258064516 0.5012827822120867 0.038306451612903226 0.02765108323831243
0 0.482258064516129 0.5001425313568986 0.036290322580645164 0.02708095781071836
0 0.6743951612903226 0.47135119726339797 0.0375 0.0379133409350057
0 0.677016129032258 0.374714937286203 0.036290322580645164 0.02993158494868871
0 0.7173387096774193 0.34620866590649946 0.036290322580645164 0.024230330672748004
0 0.6758064516129032 0.31927023945267957 0.036290322580645164 0.028506271379703536
0 0.6356854838709678 0.3202679589509692 0.038306451612903226 0.02936145952109464
0 0.4592741935483871 0.33993728620296465 0.04032258064516129 0.03848346636259977
0 0.40181451612903224 0.38112884834663624 0.04233870967741935 0.02565564424173318
0 0.5237903225806452 0.31955530216647665 0.04032258064516129 0.026225769669327253
0 0.5665322580645161 0.6259977194982896 0.03306451612903226 0.036488027366020526
0 0.5957661290322581 0.6248574686431014 0.027016129032258064 0.037058152793614595
0 0.4096774193548387 0.346921322690992 0.04032258064516129 0.028506271379703536
2 0.4002016129032258 0.31000570125427596 0.025403225806451612 0.024230330672748004
4 0.6139112903225806 0.22576966932725198 0.08185483870967741 0.02565564424173318
3 0.5891129032258065 0.25826681870011403 0.028225806451612902 0.029076396807297605
3 0.5887096774193549 0.28677309007981755 0.035483870967741936 0.029076396807297605
1 0.4993951612903226 0.2575541619156214 0.03024193548387097 0.023660205245153935
1 0.8336693548387096 0.27864880273660203 0.0375 0.02708095781071836
1 0.6276209677419354 0.2129418472063854 0.034274193548387094 0.02280501710376283
1 0.8362903225806452 0.38939566704675027 0.036290322580645164 0.04218928164196123
1 0.2439516129032258 0.38754275940706956 0.031451612903225803 0.024230330672748004
1 0.24435483870967742 0.6262827822120867 0.036290322580645164 0.04561003420752566
1 0.6316532258064517 0.5664196123147093 0.034274193548387094 0.039908779931584946
1 0.3038306451612903 0.29218928164196123 0.11491935483870967 0.00855188141391106
1 0.4002016129032258 0.29247434435575825 0.02943548387096774 0.01653363740022805
1 0.37358870967741936 0.7276225769669328 0.1350806451612903 0.01282782212086659
