0 0.39335394126738793 0.42900485436893204 0.07573415765069552 0.0691747572815534
0 0.2928902627511592 0.4987864077669903 0.08191653786707882 0.055825242718446605
0 0.589644513137558 0.49514563106796117 0.08500772797527048 0.05825242718446602
0 0.29057187017001546 0.8385922330097088 0.08346213292117466 0.06310679611650485
0 0.5873261205564142 0.8398058252427184 0.08964451313755796 0.06067961165048544
0 0.758887171561051 0.6559466019417476 0.07418856259659969 0.06674757281553398
5 0.6808346213292118 0.5813106796116505 0.07882534775888717 0.0825242718446602
3 0.8299845440494591 0.5546116504854369 0.06800618238021638 0.03398058252427184
2 0.8941267387944358 0.5922330097087378 0.0633693972179289 0.03398058252427184
2 0.3554868624420402 0.30339805825242716 0.05564142194744977 0.03640776699029126
3 0.34930448222565685 0.36347087378640774 0.04327666151468315 0.044902912621359224
5 0.508500772797527 0.42354368932038833 0.080370942812983 0.06067961165048544
4 0.5170015455950541 0.3276699029126214 0.0633693972179289 0.11407766990291263
1 0.44049459041731065 0.26152912621359226 0.10510046367851623 0.027912621359223302
1 0.18778979907264295 0.26152912621359226 0.15301391035548687 0.03033980582524272
1 0.7797527047913446 0.2621359223300971 0.15301391035548687 0.02912621359223301
1 0.18778979907264295 0.8847087378640777 0.15301391035548687 0.02669902912621359
1 0.4567233384853168 0.8828883495145631 0.1035548686244204 0.025485436893203883
1 0.7604327666151468 0.9405339805825242 0.14837712519319937 0.02912621359223301
0 0.15301391035548687 0.5236650485436893 0.05255023183925812 0.03762135922330097
0 0.09969088098918083 0.5206310679611651 0.04791344667697063 0.03640776699029126
0 0.23493044822256567 0.6007281553398058 0.05564142194744977 0.03640776699029126
0 0.28129829984544047 0.5989077669902912 0.04945904173106646 0.04004854368932039
0 0.5386398763523956 0.5600728155339806 0.04791344667697063 0.04247572815533981
0 0.5378670788253478 0.6031553398058253 0.04945904173106646 0.0412621359223301
7 0.37094281298299847 0.6413834951456311 0.080370942812983 0.0983009708737864
