0 0.24201824401368302 0.5288422751109318 0.04104903078677309 0.04033884630899556
0 0.37770809578107184 0.4062121823315853 0.02565564424173318 0.04679306171843485
0 0.4136259977194983 0.40641387656313027 0.028506271379703536 0.043162565550625254
0 0.41248574686431017 0.49394917305365066 0.027936145952109463 0.0463896732553449
0 0.5007126567844926 0.4100443727309399 0.025370581527936146 0.043162565550625254
0 0.5122576966932725 0.49072206534893104 0.02565564424173318 0.0391286809197257
0 0.5317844925883695 0.653892698668818 0.02765108323831243 0.05486083098023396
0 0.4600912200684151 0.654901169826543 0.028506271379703536 0.05445744251714401
0 0.25114025085518815 0.772085518354175 0.04047890535917902 0.04517950786607503
0 0.37770809578107184 0.7739007664380799 0.04446978335233751 0.04719645018152481
0 0.6020524515393386 0.4082291246470351 0.029076396807297605 0.04517950786607503
0 0.601054732041049 0.49596611536910046 0.02993158494868871 0.043969342476805166
0 0.6297035347776511 0.45219846712384026 0.029646522234891677 0.03791851553045583
0 0.6111744583808438 0.6591367486889875 0.019384264538198404 0.04759983864461476
0 0.6325541619156214 0.6575231948366277 0.019954389965792473 0.04679306171843485
0 0.2958950969213227 0.4499798305768455 0.01710376282782212 0.038321903993545785
2 0.24615165336374004 0.45038321903993545 0.023660205245153935 0.024606696248487294
2 0.5364880273660205 0.2991125453812021 0.01710376282782212 0.0318676885841065
5 0.6027651083238312 0.3061718434852763 0.02936145952109464 0.03872529245663574
1 0.3600342075256556 0.28176684146833403 0.019954389965792473 0.0326744655102864
1 0.2006841505131129 0.6674062121823315 0.02565564424173318 0.05687777329568374
1 0.7204960091220068 0.39431222267043164 0.024230330672748004 0.0609116579265833
1 0.7202109464082098 0.5562726906010488 0.021379703534777653 0.060508269463493344
1 0.43258266818700114 0.2801532876159742 0.022519954389965794 0.031060911657926585
1 0.4940136830102623 0.28136345300524407 0.02280501710376283 0.033481242436466316
1 0.567987457240593 0.282170229931424 0.024800456100342077 0.0318676885841065
1 0.43671607753705816 0.7301331181928197 0.013683010262257697 0.08713190802743041
