0 0.2900363049616781 0.31670467502850624 0.041145623235175476 0.03078677309007982
0 0.36607503025413474 0.2803591790193843 0.0463896732553449 0.03221208665906499
0 0.4564340459862848 0.28107183580387685 0.04154901169826543 0.03192702394526796
0 0.5028237192416297 0.31314139110604333 0.043162565550625254 0.03050171037628278
0 0.3263412666397741 0.47462941847206386 0.03711173860427592 0.02280501710376283
0 0.32432432432432434 0.4097776510832383 0.04356595401371521 0.024230330672748004
0 0.536103267446551 0.5133979475484607 0.04921339249697459 0.03078677309007982
0 0.37676482452601856 0.36972633979475483 0.04759983864461476 0.03135689851767389
0 0.4171036708350141 0.3784207525655644 0.04356595401371521 0.02993158494868871
0 0.32129891085114964 0.3715792474344356 0.02702702702702703 0.02765108323831243
2 0.23860427591770875 0.3715792474344356 0.031060911657926585 0.01909920182440137
4 0.36829366680112946 0.21080387685290763 0.08874546187979024 0.024230330672748004
1 0.3656716417910448 0.19726339794754846 0.033481242436466316 0.019954389965792473
1 0.23860427591770875 0.2264823261117446 0.05929810407422348 0.02708095781071836
1 0.6222267043162566 0.23973774230330672 0.03428801936264623 0.04218928164196123
1 0.68192819685357 0.35333523375142534 0.018152480839048003 0.05843785632839225
1 0.5627269060104881 0.455672748004561 0.02016942315449778 0.06185860889395667
1 0.44937474788221055 0.6730330672748005 0.016942315449778138 0.08494868871151653
1 0.5592981040742234 0.5675598631698974 0.014925373134328358 0.06898517673888255
1 0.21803146430012102 0.467787913340935 0.030254134731746672 0.023375142531356898
