0 0.42073416700282373 0.4770524515393387 0.04033884630899556 0.026510832383124287
0 0.5054457442517144 0.4466932725199544 0.03630496167809601 0.028506271379703536
0 0.5078660750302542 0.4766248574686431 0.035498184751916094 0.02565564424173318
0 0.6153691004437273 0.4428449258836944 0.038321903993545785 0.0379133409350057
0 0.6262605889471561 0.6185860889395667 0.026220250100847116 0.03420752565564424
0 0.6530859217426381 0.6174458380843786 0.02743041549011698 0.03933865450399088
0 0.5475998386446148 0.6512257696693272 0.058491327148043566 0.02993158494868871
0 0.48225090762404194 0.6644811858608894 0.038321903993545785 0.04047890535917902
0 0.35599031867688585 0.6644811858608894 0.030254134731746672 0.033637400228050174
0 0.6167809600645422 0.4810433295324972 0.03711173860427592 0.02993158494868871
0 0.5461879790237999 0.5635689851767389 0.035498184751916094 0.02565564424173318
2 0.5461879790237999 0.4489737742303307 0.029043969342476807 0.02280501710376283
3 0.45240016135538524 0.43457810718358036 0.02702702702702703 0.02708095781071836
1 0.29608713190802743 0.4122006841505131 0.020976200080677694 0.043329532497149374
1 0.29407018959257764 0.580102622576967 0.020976200080677694 0.039908779931584946
1 0.47962888261395725 0.3499144811858609 0.03146430012101654 0.015678449258836945
1 0.7099636950383219 0.4589509692132269 0.02016942315449778 0.02280501710376283
1 0.709560306575232 0.5518814139110604 0.023396530859217425 0.04047890535917902
