0 0.6480435659540137 0.41975484606613456 0.03751512706736587 0.03278221208665907
0 0.6571198063735377 0.4613740022805017 0.053247277127874144 0.026510832383124287
0 0.554255748285599 0.5245153933865451 0.03953206938281565 0.03135689851767389
0 0.5724082291246471 0.6513683010262258 0.03307785397337636 0.037058152793614595
0 0.409035901573215 0.6523660205245154 0.035498184751916094 0.0419042189281642
0 0.4443323920935861 0.6516533637400228 0.03509479628882614 0.04047890535917902
2 0.6520774505849133 0.4991448118586089 0.03509479628882614 0.01653363740022805
1 0.6789027833803953 0.5853762827822121 0.028237192416296894 0.0419042189281642
1 0.34388866478418717 0.5796750285062714 0.02218636546994756 0.04475484606613455
1 0.34288019362646227 0.42360319270239455 0.024203307785397338 0.04218928164196123
1 0.6813231141589351 0.49957240592930446 0.016942315449778138 0.021379703534777653
1 0.745260185558693 0.2557012542759407 0.018152480839048003 0.019954389965792473
1 0.7394110528438886 0.38754275940706956 0.016135538523598225 0.021379703534777653
