0 0.5879386849536103 0.41889965792474343 0.0463896732553449 0.02993158494868871
0 0.718636546994756 0.20410490307867732 0.03751512706736587 0.03078677309007982
0 0.7674465510286406 0.5029931584948689 0.04235578862444534 0.03848346636259977
0 0.8406615570794675 0.511259977194983 0.05970149253731343 0.03221208665906499
0 0.5552642194433239 0.612884834663626 0.04961678096006454 0.03135689851767389
0 0.34590560709963697 0.6837229190421893 0.04235578862444534 0.0419042189281642
0 0.5966115369100444 0.6426738882554162 0.03307785397337636 0.02708095781071836
0 0.8138362242839855 0.6440992018244014 0.038321903993545785 0.02708095781071836
0 0.8130294473578056 0.7019669327251995 0.04235578862444534 0.02708095781071836
0 0.7236789027833804 0.738169897377423 0.04759983864461476 0.02993158494868871
0 0.7706736587333602 0.7689566704675028 0.04235578862444534 0.03278221208665907
0 0.6928196853569988 0.5618586088939567 0.050423557886244454 0.01767388825541619
0 0.6484469544171036 0.5597206385404789 0.038321903993545785 0.02080957810718358
2 0.6918112141992739 0.5065564424173318 0.024203307785397338 0.02565564424173318
5 0.9213392496974586 0.6733181299885975 0.03953206938281565 0.028506271379703536
3 0.8295683743444937 0.6701824401368301 0.043162565550625254 0.023375142531356898
3 0.8674868898749496 0.6683295324971493 0.038321903993545785 0.021379703534777653
1 0.5790641387656313 0.33423603192702395 0.03428801936264623 0.024230330672748004
1 0.5778539733763615 0.2746579247434436 0.026220250100847116 0.024800456100342077
1 0.8598225090762405 0.4200399087799316 0.031060911657926585 0.023660205245153935
1 0.9425171440096813 0.6106043329532497 0.031060911657926585 0.042759407069555305
1 0.9415086728519564 0.705102622576967 0.03953206938281565 0.023660205245153935
1 0.8543767648245261 0.8483466362599772 0.060508269463493344 0.022234891676168756
1 0.6692214602662364 0.8509122006841505 0.0572811617587737 0.02280501710376283
1 0.5002016942315449 0.7157924743443558 0.060508269463493344 0.02508551881413911
1 0.4396934247680516 0.45353477765108324 0.060508269463493344 0.026225769669327253
1 0.12020976200080678 0.5362029646522235 0.024203307785397338 0.08209806157354618
