0 0.6030657523194837 0.3958095781071836 0.04033884630899556 0.033352337514253136
0 0.6756756756756757 0.4321550741163056 0.05244050020169423 0.027936145952109463
0 0.6799112545381202 0.504133409350057 0.03428801936264623 0.023660205245153935
0 0.4144816458249294 0.5476054732041049 0.038321903993545785 0.03192702394526796
1 0.3410649455425575 0.4542474344355758 0.02218636546994756 0.04076396807297605
1 0.4856797095603066 0.617018244013683 0.11617587736990723 0.015678449258836945
1 0.7408229124647036 0.5554446978335233 0.01734570391286809 0.0419042189281642
1 0.7388059701492538 0.4528221208665906 0.018959257765227916 0.026510832383124287
1 0.7438483259378782 0.33665906499429876 0.016942315449778138 0.020524515393386546
1 0.7392093586123437 0.40193842645381983 0.018152480839048003 0.02280501710376283
2 0.7105687777329568 0.4032212086659065 0.033481242436466316 0.01282782212086659
0 0.6460266236385639 0.40250855188141393 0.021379588543767647 0.02280501710376283
7 0.5340863251311012 0.41790193842645385 0.07341670028237192 0.06043329532497149
