0 0.2653933865450399 0.4475806451612903 0.030216647662485746 0.04032258064516129
0 0.27394526795895097 0.5663306451612903 0.030216647662485746 0.03588709677419355
0 0.3051596351197263 0.6048387096774194 0.026510832383124287 0.04112903225806452
0 0.35746864310148235 0.6048387096774194 0.026795895096921322 0.042741935483870966
0 0.3956670467502851 0.53125 0.02451539338654504 0.03669354838709677
0 0.4965792474344356 0.5221774193548387 0.029076396807297605 0.056451612903225805
0 0.6673318129988598 0.4814516129032258 0.04047890535917902 0.041935483870967745
0 0.46507981755986316 0.40423387096774194 0.026510832383124287 0.0375
0 0.4663625997719498 0.24455645161290324 0.029076396807297605 0.0375
0 0.38169897377423034 0.23487903225806453 0.027366020524515394 0.05524193548387097
0 0.3578962371721779 0.4475806451612903 0.015108323831242873 0.04032258064516129
0 0.18172748004561004 0.5538306451612903 0.039623717217787915 0.04233870967741935
2 0.3379418472063854 0.38568548387096774 0.016818700114025087 0.031048387096774193
3 0.27223489167616877 0.3868951612903226 0.02451539338654504 0.027016129032258064
5 0.3070125427594071 0.4467741935483871 0.027936145952109463 0.041935483870967745
1 0.30572976054732043 0.3683467741935484 0.01966932725199544 0.03185483870967742
1 0.2968928164196123 0.7243951612903226 0.043044469783352336 0.034274193548387094
1 0.41804446978335236 0.7233870967741935 0.043044469783352336 0.03306451612903226
1 0.4732041049030787 0.6518145161290323 0.01539338654503991 0.07137096774193548
1 0.5954960091220068 0.5425403225806451 0.07981755986316989 0.018145161290322582
1 0.5322120866590649 0.21512096774193548 0.052451539338654506 0.01975806451612903
1 0.7827822120866591 0.29858870967741935 0.013683010262257697 0.11330645161290323
1 0.3654503990877993 0.3245967741935484 0.02508551881413911 0.0467741935483871
1 0.3393671607753706 0.36350806451612905 0.01795895096921323 0.01975806451612903
1 0.46864310148232613 0.5701612903225807 0.023375142531356898 0.03225806451612903
4 0.4274515393386545 0.567741935483871 0.06014823261117446 0.03870967741935484
3 0.44027936145952107 0.4844758064516129 0.03050171037628278 0.031048387096774193
7 0.3031641961231471 0.4913306451612903 0.10233751425313568 0.044758064516129036
