0 0.6325115562403698 0.23107569721115537 0.04314329738058552 0.027888446215139442
0 0.5828197226502311 0.22709163346613545 0.03466872110939907 0.03851261620185923
0 0.5600924499229584 0.26726427622841964 0.04468412942989214 0.029880478087649404
0 0.6298151001540832 0.30212483399734397 0.0362095531587057 0.03054448871181939
0 0.5951463790446841 0.4030544488711819 0.03775038520801233 0.035856573705179286
0 0.5570107858243452 0.448207171314741 0.040061633281972264 0.033200531208499334
0 0.46070878274268107 0.44654714475431606 0.04468412942989214 0.031208499335989376
0 0.6332819722650231 0.4594953519256308 0.040061633281972264 0.03054448871181939
0 0.6718027734976888 0.49767596281540505 0.03852080123266564 0.04050464807436919
0 0.7596302003081664 0.5624169986719787 0.05238828967642527 0.03851261620185923
0 0.4491525423728814 0.646746347941567 0.03852080123266564 0.05179282868525897
2 0.599768875192604 0.5195883134130146 0.03312788906009245 0.020584329349269587
4 0.4591679506933744 0.2775564409030544 0.03543913713405239 0.06241699867197875
6 0.48959938366718025 0.32237715803452854 0.053158705701078585 0.024568393094289508
6 0.711864406779661 0.43227091633466136 0.04314329738058552 0.02390438247011952
5 0.75 0.2692563081009296 0.03466872110939907 0.028552456839309428
1 0.34553158705701076 0.4103585657370518 0.08705701078582434 0.014608233731739707
1 0.31856702619414484 0.701859229747676 0.07935285053929121 0.01593625498007968
1 0.6656394453004623 0.11786188579017265 0.053929121725731895 0.019256308100929615
1 0.5674114021571649 0.700863213811421 0.053158705701078585 0.015272244355909695
1 0.43412942989214176 0.17828685258964144 0.025423728813559324 0.05112881806108898
1 0.43567026194144837 0.2689243027888446 0.02234206471494607 0.035856573705179286
1 0.43335901386748843 0.36719787516600266 0.023882896764252697 0.06640106241699867
1 0.7765793528505393 0.3346613545816733 0.02465331278890601 0.05046480743691899
1 0.7773497688751926 0.2586321381142098 0.020030816640986132 0.024568393094289508
1 0.7769645608628659 0.5169322709163346 0.02234206471494607 0.024568393094289508
1 0.7777349768875192 0.4551792828685259 0.02234206471494607 0.024568393094289508
