0 0.5558693021379588 0.4112029646522235 0.04033884630899556 0.02993158494868871
0 0.5185558693021379 0.4471208665906499 0.038321903993545785 0.02936145952109464
0 0.7111738604275918 0.4901653363740023 0.07260992335619201 0.03278221208665907
0 0.7162162162162162 0.5989167616875712 0.050423557886244454 0.020524515393386546
0 0.7160145219846712 0.6188711516533637 0.048406615570794675 0.020524515393386546
0 0.4483662767244857 0.6825826681870011 0.02702702702702703 0.03278221208665907
0 0.4745865268253328 0.6827251995438997 0.02944735780556676 0.037058152793614595
0 0.5740217829770069 0.44070695553021666 0.02016942315449778 0.033637400228050174
2 0.6244453408632513 0.439709236031927 0.04033884630899556 0.018529076396807297
7 0.6799112545381202 0.44398517673888255 0.07866075030254134 0.02993158494868871
1 0.38321903993545786 0.5209521094640821 0.02016942315449778 0.04418472063854048
1 0.7337636143606293 0.36972633979475483 0.016942315449778138 0.019954389965792473
1 0.38221056877773296 0.43286773090079816 0.018152480839048003 0.023660205245153935
1 0.47216619604679305 0.22690992018244013 0.03428801936264623 0.013683010262257697
