0 0.41330645161290325 0.4660775370581528 0.05161290322580645 0.028506271379703536
0 0.3604838709677419 0.51154503990878 0.056451612903225805 0.03278221208665907
0 0.53125 0.4981470923603193 0.04717741935483871 0.03278221208665907
0 0.46713709677419357 0.4321550741163056 0.02620967741935484 0.033637400228050174
0 0.43548387096774194 0.29817559863169896 0.04516129032258064 0.03078677309007982
0 0.540725806451613 0.3316704675028506 0.04435483870967742 0.03050171037628278
0 0.3907258064516129 0.33024515393386544 0.04435483870967742 0.03221208665906499
2 0.49798387096774194 0.40436145952109465 0.020967741935483872 0.023660205245153935
7 0.6316532258064517 0.39894526795895097 0.04233870967741935 0.1040478905359179
1 0.26370967741935486 0.4131984036488027 0.036290322580645164 0.04133409350057012
1 0.2620967741935484 0.2807867730900798 0.031451612903225803 0.042759407069555305
1 0.4576612903225806 0.21408209806157355 0.03951612903225806 0.03078677309007982
1 0.6588709677419354 0.27366020524515394 0.036290322580645164 0.039908779931584946
1 0.2060483870967742 0.6452394526795895 0.012096774193548387 0.08181299885974914
1 0.34213709677419357 0.7083808437856328 0.11895161290322581 0.011402508551881414
1 0.5237903225806452 0.7407354618015963 0.11693548387096774 0.016248574686431014
1 0.646774193548387 0.5960661345496009 0.04032258064516129 0.014823261117445839
1 0.7116935483870968 0.5357753705815279 0.01935483870967742 0.05273660205245154
1 0.6629032258064517 0.4542474344355758 0.020161290322580645 0.02936145952109464
