0 0.22318548387096773 0.511259977194983 0.038306451612903226 0.0419042189281642
0 0.44899193548387095 0.6342645381984037 0.05846774193548387 0.02565564424173318
0 0.5806451612903226 0.34763397947548463 0.03951612903225806 0.02993158494868871
0 0.6991935483870968 0.3419327251995439 0.06048387096774194 0.03278221208665907
0 0.4737903225806452 0.3922462941847206 0.035483870967741936 0.02508551881413911
0 0.4310483870967742 0.47206385404789053 0.04435483870967742 0.027936145952109463
0 0.43548387096774194 0.43828392246294184 0.03951612903225806 0.024230330672748004
0 0.2247983870967742 0.4563854047890536 0.039112903225806454 0.020524515393386546
0 0.24153225806451614 0.4000855188141391 0.04032258064516129 0.02765108323831243
2 0.18245967741935484 0.431442417331813 0.02943548387096774 0.01795895096921323
3 0.1808467741935484 0.3993728620296465 0.02217741935483871 0.020524515393386546
1 0.23891129032258066 0.3499144811858609 0.025403225806451612 0.024230330672748004
1 0.35685483870967744 0.35119726339794755 0.05967741935483871 0.02565564424173318
1 0.7096774193548387 0.40364880273660203 0.03306451612903226 0.04047890535917902
1 0.7201612903225807 0.5326396807297605 0.024193548387096774 0.07896237172177879
1 0.35786290322580644 0.6684720638540479 0.11814516129032258 0.014253135689851768
7 0.32560483870967744 0.47277651083238315 0.15443548387096775 0.02765108323831243
