0 0.30744013683010263 0.32076612903225804 0.02594070695553022 0.039112903225806454
0 0.3844070695553022 0.32036290322580646 0.02594070695553022 0.038306451612903226
0 0.45196693272519955 0.4179435483870968 0.024800456100342077 0.04233870967741935
0 0.5507411630558723 0.4070564516129032 0.02565564424173318 0.039112903225806454
0 0.561145952109464 0.33004032258064514 0.026510832383124287 0.05604838709677419
0 0.5236602052451539 0.5199596774193549 0.028506271379703536 0.0407258064516129
0 0.5477480045610034 0.6681451612903225 0.02765108323831243 0.055645161290322584
0 0.741448118586089 0.4528225806451613 0.029076396807297605 0.04516129032258064
0 0.6130273660205245 0.41068548387096776 0.02708095781071836 0.039112903225806454
0 0.42317559863169896 0.48951612903225805 0.03050171037628278 0.06048387096774194
2 0.25655644241733183 0.27237903225806454 0.020524515393386546 0.025403225806451612
5 0.2628278221208666 0.31633064516129034 0.027936145952109463 0.04233870967741935
3 0.33437856328392246 0.27681451612903224 0.021094640820980615 0.0375
3 0.3336659064994299 0.3167338709677419 0.017388825541619156 0.04314516129032258
2 0.6140250855188142 0.3338709677419355 0.018814139110604332 0.02661290322580645
7 0.6525085518814139 0.39254032258064514 0.046180159635119726 0.14717741935483872
7 0.46721778791334095 0.3530241935483871 0.06328392246294184 0.06814516129032258
1 0.2899087799315849 0.4163306451612903 0.014823261117445839 0.08669354838709678
1 0.43172748004561 0.6554435483870967 0.015678449258836945 0.03588709677419355
1 0.48574686431014824 0.6854838709677419 0.08038768529076397 0.020161290322580645
1 0.576254275940707 0.8068548387096774 0.014538198403648802 0.13064516129032258
1 0.6210091220068416 0.8901209677419355 0.06927023945267959 0.02056451612903226
1 0.750285062713797 0.8804435483870968 0.028506271379703536 0.03588709677419355
1 0.8239737742303307 0.5828629032258065 0.013968072976054732 0.0721774193548387
1 0.8692987457240593 0.3893145161290323 0.017388825541619156 0.07701612903225806
1 0.6153078677309008 0.31129032258064515 0.022519954389965794 0.020967741935483872
1 0.673745724059293 0.3116935483870968 0.08865450399087799 0.021774193548387097
