0 0.38241226300927794 0.39481185860889395 0.04033884630899556 0.02565564424173318
0 0.34288019362646227 0.3661630558722919 0.03630496167809601 0.02993158494868871
0 0.4947559499798306 0.39153363740022806 0.06171843485276321 0.02936145952109464
0 0.3227107704719645 0.3998004561003421 0.02016942315449778 0.02993158494868871
2 0.24203307785397338 0.40051311288483465 0.03630496167809601 0.02280501710376283
1 0.5572811617587737 0.5141106043329533 0.031060911657926585 0.0419042189281642
1 0.46551028640580877 0.613169897377423 0.11214199273900767 0.01653363740022805
1 0.2934651068979427 0.61345496009122 0.11093182734973779 0.01710376282782212
1 0.21843485276321098 0.40051311288483465 0.01734570391286809 0.028506271379703536
1 0.22488906817265025 0.35305017103762826 0.03428801936264623 0.02194982896237172
1 0.4352561516740621 0.3177023945267959 0.03953206938281565 0.02708095781071836
7 0.2708753529649052 0.44811858608893956 0.09560306575231949 0.05986316989737742
