0 0.4927390076643808 0.5091220068415051 0.0391286809197257 0.02508551881413911
0 0.25675675675675674 0.6827251995438997 0.03751512706736587 0.039908779931584946
0 0.3279548204921339 0.5105473204104903 0.03630496167809601 0.026225769669327253
0 0.2325534489713594 0.4488312428734322 0.03509479628882614 0.04133409350057012
0 0.36264622831787013 0.3255416191562144 0.03953206938281565 0.028506271379703536
0 0.40399354578459057 0.35276510832383123 0.03509479628882614 0.02993158494868871
0 0.40399354578459057 0.41405359179019385 0.04154901169826543 0.02708095781071836
0 0.6385639370713998 0.4471208665906499 0.04033884630899556 0.03620296465222349
0 0.6161758773699072 0.6812998859749145 0.038321903993545785 0.042759407069555305
2 0.45240016135538524 0.3848346636259977 0.031060911657926585 0.01710376282782212
5 0.4957644211375555 0.38554732041049034 0.03711173860427592 0.02708095781071836
3 0.5562726906010488 0.4131984036488027 0.029043969342476807 0.02993158494868871
1 0.5734167002823719 0.382981755986317 0.02702702702702703 0.01795895096921323
1 0.6702299314239613 0.5008551881413911 0.031060911657926585 0.039908779931584946
1 0.6708350141185963 0.629133409350057 0.03630496167809601 0.042759407069555305
1 0.20330778539733763 0.6299885974914481 0.03953206938281565 0.04561003420752566
1 0.2018959257765228 0.5012827822120867 0.03428801936264623 0.0419042189281642
1 0.29850746268656714 0.27394526795895097 0.03630496167809601 0.046180159635119726
1 0.5740217829770069 0.2743728620296465 0.03227107704719645 0.04418472063854048
1 0.4628882613957241 0.20980615735461802 0.030254134731746672 0.02508551881413911
1 0.40742234772085517 0.21094640820980615 0.028237192416296894 0.019954389965792473
1 0.436668011294877 0.6954104903078677 0.13110125050423557 0.01282782212086659
