0 0.5467930617184349 0.34877423033067273 0.04235578862444534 0.02936145952109464
0 0.5215812827753126 0.5279361459521095 0.05647438483259379 0.03420752565564424
0 0.5980233965308592 0.3045895096921323 0.03428801936264623 0.01909920182440137
1 0.5949979830576846 0.2693842645381984 0.03227107704719645 0.02280501710376283
1 0.6672045179507866 0.3658779931584949 0.03307785397337636 0.04076396807297605
1 0.6686163775716014 0.49130558722919043 0.03428801936264623 0.0419042189281642
1 0.2876159741831384 0.4542474344355758 0.016135538523598225 0.08181299885974914
1 0.3963291649858814 0.5069840364880274 0.11496571198063735 0.015108323831242873
1 0.24929407018959257 0.3349486887115165 0.03227107704719645 0.042759407069555305
5 0.5562726906010488 0.28435005701254273 0.03953206938281565 0.02708095781071836
3 0.6520774505849133 0.28492018244013684 0.02702702702702703 0.02708095781071836
7 0.4800322710770472 0.30216647662485746 0.08471157724889068 0.05701254275940707
