0 0.33407258064516127 0.4281641961231471 0.04233870967741935 0.037058152793614595
0 0.28830645161290325 0.3922462941847206 0.037096774193548385 0.029076396807297605
0 0.7022177419354839 0.3982326111744584 0.05040322580645161 0.02280501710376283
0 0.7042338709677419 0.3758551881413911 0.05443548387096774 0.023660205245153935
0 0.46411290322580645 0.322690992018244 0.04435483870967742 0.039908779931584946
0 0.44556451612903225 0.5725484606613455 0.02903225806451613 0.03620296465222349
0 0.4788306451612903 0.5746864310148233 0.03346774193548387 0.03933865450399088
0 0.6048387096774194 0.5704104903078677 0.027419354838709678 0.033637400228050174
0 0.636491935483871 0.5696978335233751 0.03024193548387097 0.03506271379703535
0 0.3326612903225806 0.3798460661345496 0.035483870967741936 0.021379703534777653
2 0.3346774193548387 0.32668187001140253 0.025 0.026225769669327253
1 0.2923387096774194 0.3138540478905359 0.031451612903225803 0.020524515393386546
1 0.3316532258064516 0.5761117445838084 0.04717741935483871 0.027936145952109463
1 0.6179435483870968 0.31171607753705816 0.06330645161290323 0.024800456100342077
3 0.22741935483870968 0.36017673888255414 0.03225806451612903 0.02936145952109464
3 0.22741935483870968 0.3905359179019384 0.03225806451612903 0.03135689851767389
5 0.23387096774193547 0.3291049030786773 0.043548387096774194 0.02708095781071836
1 0.7151209677419355 0.504133409350057 0.02620967741935484 0.0419042189281642
7 0.39818548387096775 0.3447833523375142 0.0875 0.05843785632839225
