0 0.3014112903225806 0.43429304446978334 0.05524193548387097 0.02936145952109464
0 0.4469758064516129 0.4040763968072976 0.04233870967741935 0.02708095781071836
0 0.48931451612903226 0.4321550741163056 0.04233870967741935 0.03192702394526796
0 0.4844758064516129 0.37442987457240595 0.034274193548387094 0.02936145952109464
0 0.5054435483870968 0.4057867730900798 0.02217741935483871 0.02765108323831243
0 0.5786290322580645 0.4980045610034208 0.05161290322580645 0.03135689851767389
0 0.48024193548387095 0.5283637400228051 0.04032258064516129 0.02765108323831243
2 0.5762096774193548 0.4032212086659065 0.03225806451612903 0.015678449258836945
1 0.594758064516129 0.3718643101482326 0.035483870967741936 0.021379703534777653
1 0.2852822580645161 0.37799315849486886 0.0375 0.046180159635119726
1 0.2806451612903226 0.5350627137970353 0.024193548387096774 0.08266818700114024
1 0.3582661290322581 0.6160205245153934 0.05846774193548387 0.023375142531356898
1 0.521774193548387 0.6163055872291904 0.056451612903225805 0.02280501710376283
7 0.5493951612903226 0.45182440136830104 0.08346774193548387 0.05986316989737742
