0 0.26109215017064846 0.8434466019417476 0.09215017064846416 0.04773462783171521
0 0.5443686006825939 0.9150485436893204 0.10238907849829351 0.05339805825242718
0 0.8728668941979523 0.8216019417475728 0.11774744027303755 0.04288025889967637
0 0.8660409556313993 0.665453074433657 0.11433447098976109 0.0412621359223301
0 0.8720136518771331 0.436084142394822 0.11262798634812286 0.04692556634304207
0 0.8694539249146758 0.2807443365695793 0.1075085324232082 0.045307443365695796
0 0.5366894197952219 0.5169902912621359 0.10068259385665529 0.045307443365695796
0 0.5392491467576792 0.5999190938511327 0.10238907849829351 0.04773462783171521
0 0.39761092150170646 0.6383495145631068 0.10580204778156997 0.04854368932038835
0 0.4274744027303754 0.7730582524271845 0.09385665529010238 0.04773462783171521
0 0.3302047781569966 0.433252427184466 0.09044368600682594 0.050970873786407765
0 0.06996587030716724 0.4931229773462783 0.11945392491467577 0.04773462783171521
2 0.15102389078498293 0.6545307443365695 0.08361774744027303 0.02750809061488673
2 0.15358361774744028 0.7916666666666666 0.07849829351535836 0.02669902912621359
4 0.23037542662116042 0.7127831715210357 0.1945392491467577 0.042071197411003236
4 0.22696245733788395 0.5679611650485437 0.2354948805460751 0.04692556634304207
3 0.12542662116040956 0.6173139158576052 0.052901023890784986 0.03559870550161812
3 0.14334470989761092 0.7564724919093851 0.05802047781569966 0.0372168284789644
6 0.08617747440273038 0.32807443365695793 0.06996587030716724 0.04611650485436893
1 0.4121160409556314 0.10517799352750809 0.12116040955631399 0.021035598705501618
1 0.5656996587030717 0.10517799352750809 0.15870307167235495 0.024271844660194174
1 0.8361774744027304 0.18608414239482202 0.040955631399317405 0.0744336569579288
1 0.6834470989761092 0.9324433656957929 0.1621160409556314 0.01699029126213592
