0 0.23823529411764705 0.8051146384479718 0.0976470588235294 0.0564373897707231
0 0.39235294117647057 0.8059964726631393 0.08352941176470588 0.05291005291005291
0 0.5188235294117647 0.8359788359788359 0.05411764705882353 0.037037037037037035
0 0.6694117647058824 0.9184303350970018 0.06823529411764706 0.06790123456790123
0 0.6958823529411765 0.7107583774250441 0.08588235294117647 0.05291005291005291
0 0.5735294117647058 0.7081128747795414 0.08823529411764706 0.05114638447971781
0 0.6729411764705883 0.6384479717813051 0.07058823529411765 0.06349206349206349
0 0.3452941176470588 0.8805114638447972 0.04823529411764706 0.03439153439153439
0 0.38529411764705884 0.8796296296296297 0.036470588235294116 0.03791887125220458
0 0.7141176470588235 0.826278659611993 0.0611764705882353 0.04409171075837742
0 0.7158823529411765 0.8716931216931217 0.06470588235294118 0.043209876543209874
2 0.09470588235294118 0.7958553791887125 0.04823529411764706 0.03262786596119929
3 0.07529411764705882 0.8421516754850088 0.03294117647058824 0.029982363315696647
5 0.1323529411764706 0.904320987654321 0.1188235294117647 0.05731922398589065
2 0.8805882352941177 0.7239858906525574 0.06 0.037037037037037035
3 0.8994117647058824 0.6798941798941799 0.03176470588235294 0.03350970017636684
4 0.8229411764705883 0.6278659611992945 0.1635294117647059 0.054673721340388004
1 0.11588235294117646 0.4625220458553792 0.09058823529411765 0.02204585537918871
1 0.23941176470588235 0.46296296296296297 0.05764705882352941 0.026455026455026454
1 0.4364705882352941 0.4642857142857143 0.0988235294117647 0.023809523809523808
1 0.5047058823529412 0.2623456790123457 0.03058823529411765 0.30070546737213405
6 0.8323529411764706 0.5674603174603174 0.07411764705882352 0.04144620811287478
