0 0.3027586206896552 0.5552922590837283 0.06482758620689655 0.11848341232227488
0 0.3006896551724138 0.3183254344391785 0.06620689655172414 0.12480252764612954
0 0.613103448275862 0.27488151658767773 0.06620689655172414 0.1263823064770932
0 0.8696551724137931 0.44549763033175355 0.05379310344827586 0.15481832543443919
2 0.9482758620689655 0.2796208530805687 0.0496551724137931 0.06635071090047394
3 0.8468965517241379 0.2764612954186414 0.027586206896551724 0.08530805687203792
4 0.9013793103448275 0.13191153238546605 0.13655172413793104 0.12480252764612954
1 0.06379310344827586 0.19747235387045814 0.021379310344827585 0.15165876777251186
1 0.030344827586206897 0.6232227488151659 0.02620689655172414 0.3048973143759874
1 0.5917241379310345 0.8072669826224329 0.02620689655172414 0.11374407582938388
1 0.7086206896551724 0.7109004739336493 0.12206896551724138 0.05055292259083728
1 0.8689655172413793 0.7101105845181674 0.057931034482758624 0.05845181674565561
1 0.983103448275862 0.2014218009478673 0.02413793103448276 0.17851500789889416
7 0.4127586206896552 0.14375987361769352 0.15931034482758621 0.14533965244865718
7 0.9427586206896552 0.5276461295418642 0.05241379310344828 0.325434439178515
7 0.9379310344827586 0.6232227488151659 0.06482758620689655 0.12480252764612954
6 0.613103448275862 0.5695102685624013 0.03586206896551724 0.14691943127962084
