0 0.29475766567754697 0.3844856661045531 0.06923837784371908 0.07251264755480608
0 0.37636003956478736 0.4317032040472175 0.08605341246290801 0.05564924114671164
0 0.4401582591493571 0.5029510961214165 0.06726013847675569 0.0733558178752108
0 0.27299703264094954 0.5008431703204047 0.06726013847675569 0.07251264755480608
0 0.32146389713155293 0.5910623946037099 0.05341246290801187 0.06239460370994941
0 0.2725024727992087 0.6669477234401349 0.06627101879327399 0.07419898819561552
0 0.4876360039564787 0.6745362563237775 0.051434223541048464 0.05564924114671164
0 0.4980217606330366 0.7596964586846543 0.076162215628091 0.07588532883642496
0 0.318001978239367 0.8064924114671164 0.09000989119683482 0.07841483979763912
0 0.8466864490603363 0.17790893760539628 0.0751730959446093 0.07419898819561552
0 0.2042532146389713 0.3912310286677909 0.06627101879327399 0.04384485666104553
0 0.5687438180019783 0.6104553119730185 0.043521266073194856 0.05564924114671164
2 0.10039564787339268 0.6694772344013491 0.06824925816023739 0.05396290050590219
4 0.10534124629080119 0.5413153456998314 0.076162215628091 0.16188870151770657
6 0.18397626112759644 0.6041315345699831 0.06330365974282888 0.03794266441821248
1 0.8204747774480712 0.3288364249578415 0.028684470820969338 0.18549747048903878
1 0.9589515331355094 0.5699831365935919 0.028684470820969338 0.12310286677908938
1 0.9594460929772503 0.8237774030354131 0.025717111770524232 0.12478920741989882
1 0.19683481701285854 0.1218381112984823 0.18001978239366964 0.02782462057335582
0 0.34322453016815035 0.8962900505902193 0.0791295746785361 0.06745362563237774
0 0.4208704253214639 0.8946037099494097 0.076162215628091 0.06913996627318718
6 0.2403560830860534 0.15598650927487354 0.09891196834817013 0.04215851602023609
