0 0.46649484536082475 0.3364016736401674 0.11855670103092783 0.0502092050209205
0 0.49226804123711343 0.5493723849372385 0.13573883161512026 0.05104602510460251
0 0.4896907216494845 0.6418410041841004 0.13058419243986255 0.05188284518828452
0 0.6202749140893471 0.701673640167364 0.10652920962199312 0.06108786610878661
2 0.3230240549828179 0.3389121338912134 0.0859106529209622 0.0301255230125523
4 0.38917525773195877 0.24393305439330543 0.211340206185567 0.04435146443514645
3 0.31529209621993126 0.29665271966527196 0.06357388316151202 0.04769874476987448
1 0.6675257731958762 0.8548117154811715 0.13573883161512026 0.022594142259414227
1 0.29381443298969073 0.8861924686192468 0.23367697594501718 0.021757322175732216
1 0.13917525773195877 0.36401673640167365 0.09965635738831616 0.021757322175732216
1 0.6666666666666666 0.01799163179916318 0.10996563573883161 0.024267782426778243
6 0.6606529209621993 0.046443514644351466 0.11855670103092783 0.04100418410041841
7 0.7310996563573883 0.49874476987447697 0.11168384879725086 0.11548117154811716
