0 0.6175078864353313 0.7689393939393939 0.09621451104100946 0.04734848484848485
0 0.5394321766561514 0.506155303030303 0.08201892744479496 0.04640151515151515
0 0.6529968454258676 0.45075757575757575 0.08201892744479496 0.056818181818181816
0 0.6198738170347003 0.3115530303030303 0.08517350157728706 0.04734848484848485
0 0.6790220820189274 0.3660037878787879 0.06782334384858044 0.061553030303030304
2 0.2996845425867508 0.5052083333333334 0.09779179810725552 0.035037878787878785
4 0.34936908517350157 0.44696969696969696 0.20031545741324921 0.04924242424242424
3 0.5023659305993691 0.4412878787878788 0.0583596214511041 0.03977272727272727
6 0.388801261829653 0.3915719696969697 0.1309148264984227 0.04450757575757576
1 0.37933753943217663 0.013257575757575758 0.11829652996845426 0.015151515151515152
1 0.63801261829653 0.01231060606060606 0.12460567823343849 0.017045454545454544
1 0.1916403785488959 0.599905303030303 0.02996845425867508 0.07859848484848485
1 0.32965299684542587 0.9630681818181818 0.12302839116719243 0.013257575757575758
1 0.5473186119873817 0.9635416666666666 0.12302839116719243 0.014204545454545454
