0 0.3765182186234818 0.043532338308457715 0.145748987854251 0.05970149253731343
0 0.20647773279352227 0.251865671641791 0.145748987854251 0.055970149253731345
0 0.9129554655870445 0.1256218905472637 0.12550607287449392 0.03980099502487562
0 0.9210526315789473 0.21144278606965175 0.10121457489878542 0.04228855721393035
0 0.6477732793522267 0.30472636815920395 0.19433198380566802 0.04477611940298507
0 0.4959514170040486 0.5640547263681592 0.15789473684210525 0.048507462686567165
0 0.1700404858299595 0.39303482587064675 0.12955465587044535 0.03233830845771144
0 0.17611336032388664 0.710820895522388 0.1417004048582996 0.055970149253731345
0 0.4008097165991903 0.6486318407960199 0.16194331983805668 0.046019900497512436
0 0.20850202429149797 0.822139303482587 0.14979757085020243 0.05721393034825871
1 0.7125506072874493 0.35012437810945274 0.06477732793522267 0.03109452736318408
1 0.8178137651821862 0.39925373134328357 0.12955465587044535 0.01990049751243781
1 0.6558704453441295 0.8383084577114428 0.21052631578947367 0.01990049751243781
1 0.52834008097166 0.06778606965174129 0.10931174089068826 0.018656716417910446
1 0.23279352226720648 0.06716417910447761 0.10931174089068826 0.017412935323383085
1 0.7773279352226721 0.09390547263681592 0.06477732793522267 0.01616915422885572
1 0.7793522267206477 0.24813432835820895 0.06882591093117409 0.013681592039800995
7 0.1700404858299595 0.4962686567164179 0.12955465587044535 0.08208955223880597
7 0.32186234817813764 0.42723880597014924 0.13360323886639677 0.05099502487562189
6 0.6295546558704453 0.125 0.11740890688259109 0.05099502487562189
1 0.4797570850202429 0.8165422885572139 0.0931174089068826 0.036069651741293535
1 0.8441295546558705 0.8190298507462687 0.10931174089068826 0.03855721393034826
