0 0.2961460446247465 0.4717362045760431 0.03786342123056119 0.04441453566621804
0 0.4039891818796484 0.6144010767160162 0.034482758620689655 0.033647375504710635
0 0.42528735632183906 0.5706594885598923 0.036511156186612576 0.04306864064602961
0 0.43847194050033805 0.4152086137281292 0.03718728870858688 0.04845222072678331
0 0.5412440838404328 0.6342530282637954 0.034482758620689655 0.039703903095558546
0 0.6014198782961461 0.5874831763122477 0.030425963488843813 0.03095558546433378
0 0.6639621365787695 0.6157469717362046 0.03515889114266396 0.03095558546433378
0 0.6304935767410412 0.648721399730821 0.034482758620689655 0.03230148048452221
0 0.7694388100067613 0.6056527590847914 0.03786342123056119 0.03095558546433378
0 0.7288708586883029 0.6530955585464334 0.028397565922920892 0.031628532974428
5 0.8201487491548344 0.6450201884253028 0.03110209601081812 0.03028263795423957
6 0.3630831643002028 0.42732166890982504 0.02434077079107505 0.047106325706594884
1 0.34212305611899935 0.42429340511440106 0.013522650439486139 0.03028263795423957
1 0.5598377281947262 0.28936742934051146 0.0676132521974307 0.017496635262449527
1 0.6416497633536173 0.33748317631224767 0.013522650439486139 0.06796769851951548
1 0.7532116294793779 0.49663526244952894 0.012170385395537525 0.0740242261103634
1 0.8120351588911426 0.5572005383580081 0.032454361054766734 0.020188425302826378
1 0.6440162271805274 0.7836473755047106 0.04935767410412441 0.019515477792732168
1 0.7866801893171061 0.7833109017496636 0.04935767410412441 0.017496635262449527
6 0.43035835023664637 0.6716016150740243 0.038539553752535496 0.02288021534320323
