0 0.2623376623376623 0.3882488479262673 0.0987012987012987 0.03686635944700461
0 0.12077922077922078 0.1935483870967742 0.1012987012987013 0.03917050691244239
0 0.5688311688311688 0.6273041474654378 0.08311688311688312 0.04723502304147465
0 0.5636363636363636 0.706221198156682 0.07272727272727272 0.04377880184331797
0 0.6935064935064935 0.5817972350230415 0.1038961038961039 0.03456221198156682
0 0.7116883116883117 0.7695852534562212 0.10909090909090909 0.03456221198156682
6 0.36493506493506495 0.2828341013824885 0.07012987012987013 0.06797235023041474
2 0.24805194805194805 0.07315668202764977 0.07532467532467532 0.04723502304147465
6 0.34155844155844156 0.06624423963133641 0.09090909090909091 0.03341013824884793
5 0.34025974025974026 0.15552995391705068 0.11948051948051948 0.04608294930875576
1 0.5 0.375 0.11168831168831168 0.012672811059907835
1 0.7272727272727273 0.37672811059907835 0.11428571428571428 0.01152073732718894
1 0.7922077922077922 0.9602534562211982 0.10909090909090909 0.010368663594470046
1 0.4142857142857143 0.09504608294930876 0.033766233766233764 0.05414746543778802
1 0.3246753246753247 0.9867511520737328 0.10909090909090909 0.008064516129032258
1 0.2038961038961039 0.9723502304147466 0.07012987012987013 0.02534562211981567
1 0.43506493506493504 0.9735023041474654 0.07012987012987013 0.020737327188940093
7 0.8454545454545455 0.6745391705069125 0.15844155844155844 0.15552995391705068
7 0.12207792207792208 0.07546082949308756 0.11428571428571428 0.07258064516129033
0 0.12207792207792208 0.03110599078341014 0.11948051948051948 0.03917050691244239
0 0.12337662337662338 0.13191244239631336 0.13246753246753246 0.04032258064516129
