0 0.4224629418472064 0.35083532219570407 0.053591790193842644 0.06443914081145585
0 0.4823261117445838 0.4146778042959427 0.05701254275940707 0.05608591885441527
0 0.41562143671607754 0.49522673031026254 0.05131128848346636 0.057279236276849645
0 0.3888255416191562 0.8156324582338902 0.059293044469783354 0.06801909307875895
0 0.3899657924743444 0.9373508353221957 0.059293044469783354 0.07517899761336516
0 0.7998859749144812 0.5889021479713604 0.06271379703534778 0.07517899761336516
0 0.7850627137970353 0.6521479713603818 0.055872291904218926 0.06324582338902147
0 0.25655644241733183 0.16288782816229117 0.059293044469783354 0.05608591885441527
0 0.26168757126567843 0.21957040572792363 0.07183580387685291 0.05250596658711217
0 0.05074116305587229 0.5214797136038186 0.06271379703534778 0.05489260143198091
0 0.049600912200684154 0.5763723150357996 0.06955530216647662 0.05489260143198091
1 0.282212086659065 0.10023866348448687 0.026225769669327253 0.06921241050119331
1 0.62884834663626 0.11933174224343675 0.03078677309007982 0.06682577565632458
1 0.629418472063854 0.34069212410501193 0.029646522234891677 0.06563245823389022
1 0.6818700114025086 0.4564439140811456 0.06841505131128849 0.029832935560859187
1 0.7548460661345496 0.5107398568019093 0.029646522234891677 0.05489260143198091
1 0.9623717217787914 0.6533412887828163 0.029646522234891677 0.06801909307875895
1 0.8580387685290763 0.8353221957040573 0.06271379703534778 0.031026252983293555
1 0.6088939566704675 0.8884248210023866 0.10262257696693272 0.032219570405727926
1 0.20524515393386544 0.8872315035799523 0.07297605473204105 0.029832935560859187
2 0.5912200684150513 0.3412887828162291 0.04446978335233751 0.031026252983293555
5 0.571835803876853 0.40990453460620524 0.08323831242873432 0.06324582338902147
4 0.5513112884834663 0.28042959427207637 0.11972633979475485 0.057279236276849645
3 0.47605473204104903 0.3412887828162291 0.026225769669327253 0.0405727923627685
1 0.20524515393386544 0.45584725536992843 0.07069555302166476 0.03579952267303103
6 0.6801596351197263 0.4916467780429594 0.04903078677309008 0.0405727923627685
6 0.8574686431014823 0.7977326968973747 0.05017103762827822 0.0441527446300716
