15 0.397196 0.099367 0.074766 0.064557
15 0.397196 0.161392 0.074766 0.064557
15 0.765576 0.296203 0.098131 0.081013
15 0.807632 0.507595 0.098131 0.081013
15 0.687695 0.501266 0.098131 0.081013
15 0.950935 0.582278 0.098131 0.081013
15 0.422118 0.516456 0.099688 0.081013
15 0.447040 0.612658 0.099688 0.081013
15 0.344237 0.858228 0.099688 0.081013
15 0.676012 0.859494 0.099688 0.081013
15 0.510903 0.870886 0.099688 0.081013
17 0.589564 0.758228 0.091900 0.126582
18 0.523364 0.565190 0.056075 0.041772
21 0.521028 0.650633 0.054517 0.050633
22 0.875389 0.409494 0.056075 0.069620
22 0.501558 0.293038 0.087227 0.046835
23 0.362928 0.355696 0.071651 0.169620
23 0.685358 0.353165 0.071651 0.169620
23 0.878505 0.403797 0.077882 0.281013
23 0.522586 0.289241 0.390966 0.051899
23 0.187695 0.018987 0.160436 0.032911
23 0.199377 0.964557 0.221184 0.035443
23 0.771807 0.965190 0.172897 0.031646
23 0.503894 0.253797 0.172897 0.031646
23 0.829439 0.260127 0.063863 0.034177
24 0.669003 0.611392 0.073209 0.111392
