15 0.397951 0.227421 0.053869 0.048007
15 0.471927 0.240846 0.042489 0.048820
15 0.618741 0.257120 0.044765 0.060212
15 0.583080 0.326282 0.037178 0.047193
15 0.809181 0.454841 0.053869 0.052075
15 0.511381 0.509764 0.047041 0.043124
15 0.300455 0.548007 0.047041 0.043124
15 0.397572 0.359235 0.047041 0.043124
15 0.470410 0.363303 0.047041 0.043124
15 0.435129 0.402360 0.040212 0.044752
18 0.304628 0.327095 0.028073 0.027665
18 0.328907 0.325468 0.028073 0.027665
20 0.321700 0.260781 0.056146 0.034988
21 0.473445 0.406428 0.031866 0.021969
22 0.562595 0.517494 0.056904 0.027665
22 0.518968 0.609032 0.025797 0.039870
25 0.705235 0.464605 0.073596 0.104150
26 0.740895 0.380391 0.056904 0.056143
26 0.775797 0.287225 0.055387 0.058584
27 0.773520 0.340114 0.038695 0.040683
28 0.819423 0.338893 0.042489 0.070789
19 0.281108 0.381611 0.025038 0.061839
19 0.279590 0.293328 0.025038 0.048007
19 0.590288 0.174939 0.024279 0.068348
19 0.848634 0.393816 0.025038 0.050448
19 0.542868 0.602929 0.025038 0.050448
19 0.350531 0.773800 0.107739 0.019528
19 0.471548 0.775427 0.040212 0.021155
19 0.396055 0.097234 0.063733 0.028478
19 0.764036 0.237185 0.091047 0.020342
19 0.684370 0.542311 0.091047 0.020342
19 0.575873 0.544752 0.044006 0.025224
