15 0.391808 0.425364 0.091190 0.074029
15 0.759660 0.655947 0.091190 0.074029
15 0.590417 0.839199 0.089645 0.066748
15 0.289026 0.835558 0.089645 0.066748
15 0.290572 0.499393 0.089645 0.066748
15 0.590417 0.494539 0.089645 0.066748
29 0.510046 0.424150 0.089645 0.066748
29 0.680835 0.581917 0.091190 0.093447
18 0.827666 0.554005 0.069552 0.035194
18 0.346213 0.358617 0.043277 0.047330
18 0.886399 0.591626 0.069552 0.035194
18 0.359351 0.303398 0.075734 0.036408
18 0.514683 0.330704 0.068006 0.115291
19 0.186244 0.262136 0.165379 0.031553
19 0.778207 0.258495 0.165379 0.031553
19 0.456723 0.882282 0.106646 0.031553
19 0.755023 0.936893 0.165379 0.031553
19 0.187790 0.879854 0.165379 0.031553
19 0.438176 0.262743 0.115920 0.037621
19 0.935085 0.569782 0.040185 0.049757
17 0.375580 0.645024 0.102009 0.122573
24 0.125966 0.523058 0.103555 0.041262
24 0.261978 0.601942 0.103555 0.041262
24 0.534776 0.580704 0.055641 0.083738
