15 0.447997 0.644422 0.045455 0.043161
15 0.460324 0.449203 0.045455 0.043161
15 0.555855 0.447875 0.045455 0.043161
15 0.669106 0.499668 0.045455 0.043161
15 0.759245 0.564409 0.056240 0.042497
15 0.594376 0.405378 0.045455 0.043161
15 0.626733 0.305777 0.045455 0.043161
15 0.562018 0.267928 0.045455 0.043161
15 0.583590 0.226760 0.045455 0.043161
15 0.635208 0.230744 0.045455 0.043161
15 0.707627 0.288513 0.045455 0.043161
15 0.632126 0.463811 0.045455 0.043161
15 0.557396 0.511620 0.045455 0.043161
18 0.498074 0.299469 0.026965 0.017264
18 0.521572 0.298473 0.023112 0.019256
18 0.679507 0.261620 0.023112 0.025232
21 0.597843 0.520252 0.036980 0.024568
29 0.747304 0.268592 0.041602 0.035193
20 0.459938 0.277224 0.035439 0.061753
22 0.709553 0.432271 0.049307 0.023904
23 0.692604 0.430279 0.158706 0.030544
23 0.752696 0.448539 0.033898 0.060425
26 0.302388 0.557437 0.057781 0.036521
26 0.252696 0.600266 0.046225 0.043825
26 0.347458 0.594290 0.046225 0.043825
28 0.302388 0.640106 0.073190 0.038513
27 0.301233 0.600598 0.047766 0.033865
25 0.346302 0.475100 0.099384 0.055113
25 0.500000 0.390438 0.072419 0.053121
22 0.489214 0.325365 0.050847 0.026560
30 0.551233 0.332005 0.034669 0.030544
23 0.506549 0.322709 0.131741 0.026560
23 0.555855 0.367530 0.033128 0.125498
19 0.345532 0.409695 0.093220 0.019920
19 0.318952 0.701195 0.090909 0.017264
19 0.567026 0.701195 0.064715 0.015936
19 0.665639 0.118194 0.064715 0.015936
19 0.776965 0.454847 0.025424 0.027888
19 0.778120 0.254648 0.027735 0.023240
19 0.776194 0.519920 0.025424 0.027888
19 0.436055 0.178619 0.029276 0.055777
19 0.433744 0.271248 0.024653 0.041833
19 0.436055 0.363546 0.027735 0.068393
19 0.775809 0.336985 0.029276 0.052457
19 0.192989 0.527224 0.070108 0.065073
19 0.191448 0.640770 0.070108 0.065073
