15 0.155794 0.508035 0.056475 0.038714
15 0.108082 0.540175 0.056475 0.038714
15 0.106621 0.437546 0.059396 0.048210
15 0.444499 0.672023 0.059396 0.048210
15 0.512658 0.560993 0.063291 0.042367
15 0.734664 0.561359 0.055501 0.040175
15 0.650438 0.526662 0.048685 0.040906
15 0.568647 0.525201 0.048685 0.040906
15 0.622201 0.593134 0.048685 0.040906
15 0.674781 0.593134 0.048685 0.040906
28 0.314508 0.614682 0.083739 0.043097
26 0.375852 0.656684 0.056475 0.046749
26 0.320351 0.694668 0.056475 0.046749
29 0.518987 0.519722 0.050633 0.034332
22 0.233690 0.432067 0.079844 0.032871
18 0.507303 0.478086 0.027264 0.025566
20 0.540409 0.434259 0.089581 0.031410
21 0.782376 0.560628 0.030185 0.019722
27 0.316943 0.654492 0.055501 0.036523
19 0.292113 0.732652 0.093476 0.026297
19 0.568160 0.730825 0.082765 0.025566
19 0.725901 0.730095 0.082765 0.025566
19 0.705453 0.413075 0.082765 0.025566
19 0.393866 0.413806 0.117819 0.024105
19 0.536514 0.410153 0.064265 0.018262
19 0.259007 0.413075 0.044791 0.018262
19 0.816943 0.564646 0.040896 0.027757
22 0.055988 0.509496 0.045764 0.044558
23 0.057449 0.485756 0.035054 0.131483
23 0.156280 0.455442 0.036027 0.067933
23 0.222493 0.432798 0.164557 0.027027
23 0.292600 0.449233 0.028238 0.064280
30 0.217137 0.539810 0.031159 0.027757
30 0.219085 0.540906 0.165531 0.024105
25 0.395813 0.489774 0.086660 0.085464
