15 0.296146 0.472746 0.040568 0.047779
15 0.542258 0.636272 0.040568 0.047779
15 0.631170 0.650067 0.037187 0.034993
15 0.730561 0.652086 0.037187 0.034993
15 0.602096 0.586137 0.037187 0.034993
15 0.664300 0.617093 0.037187 0.034993
15 0.768425 0.604980 0.037187 0.034993
15 0.425625 0.572005 0.037187 0.034993
15 0.436105 0.417564 0.043272 0.054509
15 0.404665 0.611709 0.037187 0.034993
19 0.559162 0.290040 0.081136 0.022880
19 0.213320 0.456595 0.041244 0.026245
19 0.643678 0.785666 0.060852 0.028937
19 0.787356 0.787012 0.054767 0.024899
19 0.814402 0.558546 0.039892 0.024226
19 0.156525 0.543405 0.027721 0.041050
19 0.641650 0.336810 0.022989 0.073351
19 0.751859 0.498991 0.022989 0.073351
19 0.343813 0.426649 0.019608 0.040377
27 0.551386 0.358681 0.038540 0.036339
26 0.523665 0.394684 0.050710 0.045087
26 0.595335 0.340848 0.050710 0.045087
28 0.581474 0.396703 0.059500 0.063930
22 0.363083 0.429341 0.025693 0.051144
22 0.429344 0.672948 0.041920 0.025572
30 0.376268 0.514805 0.033130 0.034993
23 0.365112 0.457604 0.027045 0.115747
23 0.396214 0.529946 0.059500 0.031629
23 0.432387 0.672611 0.062880 0.026245
18 0.847870 0.587147 0.017579 0.020861
18 0.846518 0.610027 0.017579 0.020861
29 0.821163 0.644347 0.035835 0.031629
25 0.656187 0.478802 0.084517 0.061238
17 0.502366 0.584455 0.050034 0.131225
