15 0.108550 0.333105 0.051436 0.079343
15 0.110888 0.486320 0.048096 0.062927
15 0.164997 0.442202 0.054776 0.052668
15 0.586506 0.465458 0.054776 0.052668
15 0.529058 0.513338 0.054776 0.052668
15 0.757515 0.508550 0.054776 0.052668
15 0.668671 0.463406 0.054776 0.052668
15 0.691383 0.557114 0.054776 0.052668
15 0.646627 0.558482 0.054776 0.052668
15 0.458250 0.669289 0.054776 0.052668
25 0.406814 0.414501 0.089512 0.116279
28 0.326987 0.588919 0.088844 0.056088
26 0.390114 0.649111 0.053440 0.068399
26 0.331663 0.704514 0.063460 0.051984
18 0.523046 0.398769 0.026720 0.032832
22 0.242151 0.336525 0.072812 0.034200
20 0.553774 0.339945 0.097528 0.036936
29 0.530394 0.460670 0.040080 0.048564
21 0.808617 0.516074 0.048764 0.029412
23 0.225785 0.487346 0.169673 0.033516
30 0.222779 0.486662 0.034068 0.034884
23 0.161657 0.367647 0.038744 0.099179
23 0.226787 0.337893 0.173013 0.032832
23 0.298263 0.361833 0.035404 0.088919
19 0.264863 0.304378 0.054108 0.023256
19 0.404810 0.307798 0.110888 0.025992
19 0.544088 0.303694 0.056780 0.025992
19 0.722445 0.304720 0.079492 0.026676
19 0.750501 0.751368 0.079492 0.026676
19 0.588176 0.752736 0.079492 0.026676
19 0.299599 0.754446 0.111556 0.028728
