15 0.456597 0.042870 0.104167 0.042419
15 0.211806 0.165614 0.104167 0.042419
15 0.208333 0.470668 0.104167 0.042419
15 0.454861 0.583484 0.104167 0.042419
15 0.409722 0.836191 0.104167 0.042419
15 0.745660 0.287455 0.123264 0.046029
15 0.860243 0.286552 0.123264 0.046029
15 0.396701 0.625903 0.074653 0.044224
15 0.560764 0.779783 0.093750 0.052347
15 0.500868 0.116877 0.098958 0.056859
19 0.335938 0.027076 0.098958 0.021661
18 0.585069 0.134928 0.076389 0.040614
21 0.585938 0.057310 0.067708 0.049639
22 0.592014 0.237816 0.079861 0.074910
30 0.329861 0.229242 0.086806 0.063177
23 0.344618 0.232401 0.133681 0.154332
23 0.591146 0.235108 0.109375 0.166968
19 0.644965 0.098375 0.036458 0.048736
19 0.643229 0.236462 0.029514 0.090253
19 0.602431 0.875451 0.034722 0.061372
19 0.155382 0.673285 0.098958 0.021661
19 0.787326 0.902527 0.359375 0.021661
