15 0.208716 0.033072 0.133028 0.061659
15 0.361239 0.502803 0.130734 0.066143
15 0.508028 0.505045 0.107798 0.052691
15 0.622706 0.562780 0.121560 0.069507
15 0.419725 0.650785 0.114679 0.066143
15 0.287844 0.740471 0.135321 0.061659
21 0.136468 0.756166 0.130734 0.041480
18 0.118119 0.801570 0.098624 0.042601
20 0.223624 0.875561 0.263761 0.065022
19 0.750000 0.237108 0.316514 0.023543
19 0.396789 0.049888 0.183486 0.025785
19 0.723624 0.979821 0.493119 0.024664
19 0.211009 0.913117 0.197248 0.016816
19 0.576835 0.140135 0.048165 0.085202
19 0.481651 0.947309 0.050459 0.062780
19 0.063073 0.599215 0.052752 0.108744
17 0.498853 0.372758 0.089450 0.126682
17 0.167431 0.619955 0.192661 0.199552
