15 0.049031 0.520883 0.061574 0.058473
15 0.045610 0.574582 0.061574 0.058473
15 0.416192 0.492243 0.061574 0.058473
15 0.421893 0.350239 0.061574 0.058473
15 0.483466 0.415871 0.061574 0.058473
15 0.254276 0.220167 0.061574 0.058473
15 0.254276 0.160501 0.061574 0.058473
15 0.801026 0.585919 0.062714 0.083532
15 0.786773 0.650955 0.061574 0.070406
15 0.389966 0.813246 0.061574 0.070406
15 0.391676 0.939737 0.071836 0.084726
19 0.629989 0.119928 0.035348 0.072792
19 0.627708 0.341885 0.035348 0.072792
19 0.756556 0.511933 0.028506 0.057279
19 0.961802 0.650358 0.030787 0.085919
19 0.204675 0.888425 0.087799 0.041766
31 0.453250 0.118138 0.112885 0.162291
28 0.294185 0.602029 0.059293 0.151551
28 0.212657 0.500000 0.112885 0.069212
27 0.196123 0.663484 0.070696 0.093079
26 0.244584 0.817422 0.085519 0.095465
25 0.620296 0.752983 0.134550 0.210024
22 0.681870 0.491050 0.054732 0.053699
19 0.855758 0.830549 0.074116 0.038186
19 0.606613 0.886038 0.114025 0.034606
19 0.683010 0.455251 0.082098 0.036993
19 0.204105 0.452864 0.082098 0.036993
22 0.857469 0.795943 0.052452 0.040573
23 0.857469 0.794749 0.184721 0.050119
23 0.922463 0.695704 0.050171 0.243437
23 0.482896 0.571002 0.049031 0.206444
23 0.602623 0.491050 0.293044 0.048926
21 0.589510 0.344272 0.061574 0.034606
29 0.575257 0.411695 0.092360 0.069212
18 0.478905 0.341885 0.034208 0.046539
20 0.552452 0.281623 0.128848 0.062053
17 0.363740 0.565632 0.070696 0.210024
30 0.588369 0.489857 0.052452 0.048926
24 0.341505 0.369332 0.074116 0.036993
