15 0.465726 0.307440 0.043548 0.030502
15 0.510484 0.336517 0.043548 0.030502
15 0.315726 0.432155 0.058871 0.034778
15 0.486290 0.422178 0.058871 0.034778
15 0.679032 0.503421 0.058871 0.034778
15 0.766129 0.496294 0.058871 0.034778
15 0.762097 0.526511 0.058871 0.034778
15 0.716935 0.553022 0.058871 0.034778
15 0.762500 0.430445 0.058871 0.034778
15 0.510282 0.399800 0.031855 0.035633
20 0.860887 0.479618 0.039516 0.058438
19 0.371371 0.478763 0.068548 0.018529
19 0.639516 0.640678 0.068548 0.018529
19 0.795161 0.638683 0.068548 0.018529
19 0.620565 0.228478 0.045968 0.016249
19 0.427016 0.232754 0.045968 0.016249
19 0.736492 0.282925 0.030242 0.089795
19 0.885081 0.407925 0.029032 0.050741
19 0.885685 0.483751 0.018145 0.028506
19 0.116935 0.345211 0.031452 0.104903
