15 0.502824 0.292474 0.041549 0.030787
15 0.552441 0.292759 0.041549 0.030787
15 0.543566 0.416762 0.041549 0.030787
15 0.460065 0.481186 0.041549 0.030787
15 0.463292 0.387115 0.041549 0.030787
15 0.592779 0.327537 0.041549 0.030787
18 0.431827 0.418330 0.034288 0.025371
21 0.459459 0.452680 0.025010 0.025086
21 0.707342 0.348204 0.021380 0.017389
18 0.652884 0.308295 0.053651 0.024230
29 0.706737 0.297605 0.044373 0.030217
23 0.433038 0.657497 0.039129 0.112600
23 0.531464 0.658922 0.039129 0.112600
23 0.482251 0.698974 0.134328 0.034208
19 0.258572 0.365023 0.033078 0.050456
19 0.731545 0.257127 0.039129 0.049601
19 0.732755 0.406784 0.039129 0.049601
19 0.732755 0.543615 0.039129 0.049601
19 0.731948 0.592360 0.039129 0.049601
19 0.467931 0.198974 0.036305 0.025086
19 0.631303 0.719071 0.104881 0.019099
