18 0.314994 0.181928 0.025086 0.029851
21 0.349344 0.179710 0.017959 0.036708
29 0.389538 0.290843 0.031072 0.048407
20 0.392959 0.206938 0.024800 0.087132
15 0.357326 0.257564 0.030502 0.042356
15 0.327680 0.294675 0.030502 0.042356
15 0.332811 0.347116 0.030502 0.042356
15 0.328535 0.383017 0.030502 0.042356
15 0.574544 0.293868 0.030502 0.042356
15 0.606186 0.288624 0.030502 0.042356
15 0.470924 0.431222 0.029647 0.051634
15 0.419612 0.303752 0.029647 0.051634
15 0.423033 0.421138 0.029647 0.051634
15 0.521950 0.337031 0.033067 0.042356
15 0.593928 0.435256 0.023660 0.039532
15 0.615023 0.435660 0.023660 0.039532
15 0.378706 0.601856 0.023660 0.039532
15 0.398660 0.603469 0.023660 0.039532
15 0.211659 0.599839 0.023660 0.039532
15 0.231613 0.601856 0.023660 0.039532
15 0.181727 0.261597 0.032212 0.031868
15 0.181157 0.232150 0.032212 0.031868
15 0.180872 0.393505 0.032212 0.031868
15 0.179732 0.420936 0.032212 0.031868
15 0.485889 0.177693 0.023090 0.038322
15 0.507269 0.177693 0.023090 0.038322
19 0.337372 0.154296 0.027081 0.023800
19 0.495011 0.155305 0.048176 0.020976
19 0.572406 0.152279 0.023945 0.018152
19 0.699259 0.152279 0.023945 0.018152
19 0.694555 0.386446 0.021950 0.069383
19 0.757982 0.314038 0.023945 0.018152
