15 0.247292 0.528439 0.034493 0.045986
15 0.413198 0.494151 0.034493 0.045986
15 0.459094 0.648245 0.034493 0.045986
15 0.529504 0.646228 0.034493 0.045986
15 0.601055 0.492537 0.034493 0.045986
15 0.630986 0.456232 0.034493 0.045986
15 0.599914 0.407422 0.034493 0.045986
15 0.498717 0.409439 0.034493 0.045986
15 0.610747 0.649254 0.020239 0.035902
15 0.634265 0.651876 0.024515 0.037919
15 0.369156 0.765631 0.024515 0.037919
15 0.387970 0.767648 0.024515 0.037919
15 0.242588 0.766841 0.024515 0.037919
15 0.262543 0.765631 0.024515 0.037919
15 0.414624 0.412666 0.032782 0.049213
15 0.375000 0.404195 0.032782 0.049213
21 0.245439 0.447963 0.026226 0.023800
15 0.296893 0.449980 0.021950 0.042356
21 0.536773 0.302945 0.018244 0.035498
18 0.469213 0.307584 0.019384 0.043163
29 0.474772 0.405405 0.031642 0.045180
29 0.603335 0.306172 0.031642 0.045180
19 0.361174 0.273296 0.024515 0.021380
19 0.434721 0.274506 0.024515 0.021380
19 0.492588 0.274506 0.024515 0.021380
19 0.568700 0.275313 0.024515 0.021380
19 0.726625 0.395119 0.016534 0.064946
19 0.726055 0.558088 0.016534 0.064946
19 0.195268 0.666196 0.016534 0.064946
19 0.193843 0.349334 0.010832 0.117789
