15 0.488503 0.298176 0.049213 0.028506
15 0.578862 0.377993 0.049213 0.028506
15 0.571601 0.440422 0.049213 0.034778
15 0.371521 0.575542 0.049213 0.034778
15 0.445744 0.393101 0.049213 0.034778
15 0.411860 0.429590 0.049213 0.034778
15 0.469948 0.510547 0.049213 0.034778
18 0.577652 0.328107 0.048407 0.022235
29 0.618798 0.330388 0.045180 0.025656
20 0.532069 0.362885 0.036305 0.057583
21 0.618395 0.376283 0.025010 0.022805
15 0.580879 0.409065 0.048407 0.027936
19 0.340863 0.531357 0.028237 0.045610
19 0.757160 0.476625 0.028237 0.045610
19 0.650666 0.381984 0.025010 0.025086
19 0.652279 0.349487 0.025010 0.025086
19 0.295684 0.414196 0.041146 0.018814
19 0.446954 0.204390 0.035498 0.017674
19 0.540541 0.203820 0.035498 0.017674
