15 0.285196 0.525656 0.045986 0.028506
15 0.589351 0.423033 0.045986 0.028506
15 0.317063 0.550456 0.043566 0.034778
15 0.399355 0.550456 0.043566 0.034778
15 0.547802 0.385690 0.043566 0.034778
15 0.485680 0.460946 0.043566 0.034778
18 0.398951 0.468358 0.037919 0.017674
18 0.313836 0.484036 0.032271 0.033067
18 0.441710 0.479190 0.034691 0.014253
20 0.329165 0.439852 0.058088 0.046180
29 0.396127 0.427879 0.040339 0.026796
19 0.673659 0.653934 0.098427 0.018244
19 0.255345 0.655074 0.068576 0.020525
19 0.428399 0.653934 0.066156 0.014823
19 0.366277 0.410205 0.032271 0.015393
19 0.811214 0.438141 0.025010 0.043900
19 0.155305 0.476910 0.025010 0.043900
15 0.786608 0.557013 0.038725 0.025086
15 0.788221 0.575257 0.038725 0.025086
15 0.357402 0.497434 0.043566 0.034778
