15 0.367018 0.246672 0.025941 0.024607
15 0.371152 0.326140 0.032497 0.043969
15 0.359749 0.486285 0.032497 0.043969
15 0.270525 0.560508 0.032497 0.043969
15 0.548176 0.533885 0.032497 0.043969
15 0.641961 0.567366 0.032497 0.043969
15 0.597491 0.454014 0.032497 0.043969
15 0.599487 0.381404 0.032497 0.043969
15 0.419897 0.326946 0.033067 0.049617
15 0.536488 0.333401 0.033067 0.049617
15 0.592360 0.600847 0.033067 0.049617
21 0.471494 0.275918 0.019954 0.035498
18 0.496294 0.281969 0.019384 0.045986
18 0.495724 0.322307 0.019384 0.045986
20 0.575684 0.304558 0.026511 0.081484
19 0.269099 0.086527 0.024515 0.020573
19 0.470924 0.249092 0.024515 0.020573
19 0.535063 0.249092 0.024515 0.020573
19 0.465507 0.592376 0.024515 0.020573
19 0.400228 0.596612 0.051311 0.020976
19 0.561003 0.730133 0.045040 0.024203
19 0.732754 0.332997 0.018529 0.069786
19 0.730188 0.474990 0.018529 0.069786
19 0.729048 0.634328 0.018529 0.069786
19 0.388683 0.269665 0.016819 0.034288
