15 0.234570 0.361602 0.035095 0.032212
15 0.638564 0.309721 0.041952 0.036203
15 0.642598 0.362457 0.041952 0.036203
15 0.681727 0.333666 0.050827 0.029361
15 0.273497 0.434293 0.050827 0.029361
15 0.534086 0.335946 0.050827 0.029361
15 0.576846 0.275798 0.044373 0.034493
15 0.561718 0.307440 0.030254 0.024800
15 0.562929 0.412201 0.042356 0.033637
15 0.598427 0.411631 0.042356 0.033637
15 0.379790 0.453250 0.042356 0.033637
15 0.407221 0.452680 0.042356 0.033637
15 0.580073 0.587514 0.040339 0.031927
15 0.612747 0.588655 0.045180 0.030217
15 0.736991 0.589795 0.039532 0.029647
15 0.768858 0.589225 0.043566 0.029647
19 0.232553 0.467075 0.063332 0.017959
19 0.441509 0.222777 0.063332 0.017959
19 0.664381 0.220353 0.042759 0.015393
19 0.244050 0.219783 0.042759 0.015393
19 0.116579 0.387115 0.037112 0.027936
19 0.845301 0.289054 0.026220 0.050171
19 0.847721 0.397662 0.027027 0.047320
21 0.529044 0.274658 0.027027 0.027651
18 0.689794 0.272520 0.028237 0.023375
20 0.662162 0.240450 0.079468 0.023660
