15 0.529649 0.514823 0.052441 0.036488
15 0.554861 0.393101 0.048003 0.032497
15 0.513715 0.294185 0.048003 0.032497
15 0.425373 0.379704 0.048003 0.032497
15 0.428600 0.438426 0.048003 0.032497
15 0.423760 0.408495 0.048003 0.032497
15 0.591166 0.439567 0.060105 0.034208
15 0.635942 0.575257 0.048003 0.032497
21 0.381202 0.375570 0.024203 0.024230
29 0.383219 0.327395 0.040339 0.027651
18 0.428802 0.325969 0.044373 0.019099
20 0.471158 0.362315 0.036305 0.057583
19 0.248084 0.479618 0.032271 0.047035
19 0.668011 0.528934 0.032271 0.047035
19 0.741831 0.368158 0.032271 0.047035
19 0.455829 0.206528 0.026624 0.017389
19 0.556474 0.203392 0.035095 0.015108
19 0.708955 0.416619 0.035095 0.015108
