15 0.466505 0.307460 0.031072 0.048790
15 0.500428 0.305847 0.031072 0.048790
15 0.531784 0.349395 0.031072 0.048790
15 0.497862 0.390121 0.031072 0.048790
15 0.591363 0.489718 0.031072 0.048790
15 0.495582 0.585282 0.031072 0.048790
15 0.464937 0.345565 0.035918 0.041935
15 0.368301 0.510887 0.035918 0.041935
21 0.466933 0.241532 0.021095 0.034677
18 0.543757 0.254435 0.019669 0.034677
29 0.538198 0.304435 0.029647 0.040323
19 0.348632 0.350605 0.011403 0.039113
19 0.634977 0.297984 0.019099 0.047581
19 0.631842 0.437097 0.019099 0.047581
19 0.566277 0.561694 0.019099 0.047581
19 0.505986 0.218952 0.026796 0.023387
