15 0.393957 0.286608 0.031927 0.038322
15 0.670182 0.295684 0.035348 0.041146
15 0.670182 0.344090 0.035348 0.041146
15 0.669612 0.383219 0.035348 0.041146
15 0.579960 0.298104 0.028221 0.035498
15 0.577109 0.421541 0.030502 0.041952
15 0.529504 0.432029 0.030502 0.041952
15 0.424031 0.289633 0.030502 0.041952
15 0.645525 0.253328 0.030502 0.041952
15 0.477908 0.338040 0.030502 0.041952
15 0.385262 0.437071 0.022520 0.033481
15 0.405217 0.437475 0.022520 0.033481
15 0.601910 0.602461 0.022520 0.033481
15 0.624145 0.603267 0.022520 0.033481
15 0.767104 0.600040 0.021095 0.031061
15 0.788483 0.600444 0.021095 0.031061
15 0.820268 0.394917 0.026511 0.031464
15 0.819413 0.420331 0.026511 0.031464
15 0.820838 0.233562 0.026511 0.031464
15 0.820268 0.263009 0.026511 0.031464
15 0.492161 0.178701 0.026511 0.031464
15 0.514966 0.178701 0.026511 0.031464
21 0.651511 0.184147 0.016249 0.038322
29 0.613740 0.294272 0.031357 0.042356
20 0.609464 0.205930 0.025086 0.081888
18 0.686288 0.181525 0.023660 0.025817
19 0.299316 0.153691 0.024515 0.018556
19 0.243158 0.312424 0.025656 0.013312
19 0.306727 0.382211 0.016534 0.060912
19 0.663769 0.155708 0.022520 0.020169
19 0.426596 0.153489 0.022520 0.015732
