15 0.401938 0.558266 0.034208 0.042339
15 0.367731 0.560685 0.034208 0.042339
15 0.373290 0.605645 0.034493 0.054839
15 0.334949 0.447782 0.039909 0.052016
15 0.543187 0.450403 0.042474 0.048387
15 0.543187 0.314516 0.042474 0.048387
15 0.505559 0.314516 0.042474 0.048387
21 0.300884 0.717742 0.017959 0.027419
21 0.338655 0.596371 0.020525 0.032258
18 0.334949 0.656048 0.021095 0.051613
18 0.264396 0.719153 0.032782 0.033468
29 0.235889 0.714315 0.028221 0.043145
29 0.337087 0.712702 0.028221 0.043145
17 0.523945 0.380242 0.059863 0.091129
19 0.213655 0.558871 0.011688 0.069355
19 0.688426 0.303831 0.018244 0.081048
19 0.558580 0.708266 0.051026 0.019758
19 0.439282 0.741532 0.045610 0.016935
19 0.372007 0.743750 0.026796 0.018952
