15 0.383124 0.380847 0.037628 0.044758
15 0.413769 0.341331 0.032212 0.052016
15 0.548318 0.325605 0.032212 0.052016
15 0.631271 0.381250 0.032212 0.052016
15 0.689139 0.572782 0.032212 0.052016
15 0.599344 0.326815 0.032212 0.052016
15 0.627138 0.339718 0.037628 0.044758
29 0.711944 0.338508 0.029932 0.046371
21 0.598489 0.250806 0.024230 0.036290
18 0.687999 0.253226 0.037913 0.032258
20 0.716078 0.278831 0.029076 0.083468
19 0.424316 0.226815 0.034493 0.026210
19 0.365023 0.598589 0.060718 0.031048
19 0.292902 0.311694 0.019099 0.045968
19 0.735319 0.293952 0.019099 0.045968
19 0.734892 0.411694 0.016534 0.042742
19 0.731756 0.530242 0.016534 0.042742
15 0.411203 0.469960 0.032212 0.052016
15 0.465650 0.465524 0.032212 0.052016
