15 0.500605 0.360889 0.042339 0.033637
15 0.500605 0.391676 0.042339 0.033637
15 0.501815 0.488883 0.042339 0.033637
15 0.415524 0.486887 0.042339 0.033637
15 0.451815 0.485462 0.042339 0.033637
15 0.458266 0.614595 0.042339 0.033637
15 0.563306 0.635120 0.066935 0.033067
15 0.362903 0.446408 0.066935 0.033067
15 0.540927 0.431585 0.056048 0.031927
15 0.536895 0.460376 0.056048 0.031927
15 0.373185 0.411060 0.044758 0.021665
29 0.543347 0.493444 0.041532 0.027936
18 0.613508 0.497434 0.042339 0.022805
19 0.679839 0.472491 0.024194 0.021380
19 0.677823 0.557298 0.024194 0.042759
19 0.710685 0.453250 0.045565 0.017104
19 0.512500 0.706528 0.060484 0.013398
19 0.339718 0.368729 0.013306 0.023660
19 0.641734 0.240450 0.042339 0.017959
