15 0.408633 0.481328 0.048407 0.029361
15 0.419726 0.472064 0.054457 0.019384
15 0.599435 0.481328 0.048407 0.029361
15 0.265833 0.398090 0.048407 0.029361
15 0.264219 0.367588 0.048407 0.029361
15 0.368697 0.300171 0.045180 0.032497
15 0.367890 0.331813 0.045180 0.032497
15 0.515530 0.510832 0.045180 0.032497
15 0.555869 0.512258 0.045180 0.032497
15 0.517951 0.453250 0.045180 0.032497
15 0.381000 0.373575 0.063332 0.039624
21 0.412666 0.414339 0.020169 0.024800
18 0.446954 0.419327 0.032271 0.030787
18 0.449375 0.448689 0.032271 0.030787
20 0.564340 0.435433 0.039532 0.072691
19 0.081888 0.337372 0.024203 0.046465
19 0.081888 0.433153 0.024203 0.046465
19 0.080073 0.555872 0.023800 0.058153
19 0.751109 0.447263 0.022590 0.047320
19 0.266841 0.179447 0.039129 0.020239
19 0.353167 0.733181 0.128681 0.019954
19 0.173054 0.669470 0.124244 0.064709
