15 0.383979 0.308266 0.034208 0.043145
15 0.409635 0.441331 0.034208 0.043145
15 0.757412 0.378831 0.034208 0.043145
15 0.726767 0.421169 0.030502 0.056048
15 0.726197 0.338911 0.030502 0.050403
15 0.656927 0.337903 0.033922 0.047581
15 0.592218 0.334274 0.033922 0.047581
15 0.521807 0.336290 0.033922 0.047581
15 0.442560 0.302823 0.033922 0.047581
15 0.469213 0.302016 0.017674 0.045161
19 0.409635 0.274194 0.028506 0.019355
19 0.674031 0.179839 0.024230 0.019355
19 0.847064 0.275403 0.012258 0.066129
19 0.643529 0.574194 0.015108 0.051613
21 0.488740 0.260484 0.015678 0.041129
20 0.675314 0.209476 0.061574 0.036694
18 0.697691 0.249395 0.018529 0.044758
18 0.697691 0.293750 0.017389 0.043145
29 0.694270 0.335484 0.026511 0.040323
