15 0.182130 0.445696 0.051230 0.029361
15 0.425373 0.445696 0.051230 0.029361
15 0.413271 0.520667 0.051230 0.029361
15 0.322912 0.519527 0.051230 0.029361
15 0.422953 0.347064 0.051230 0.029361
15 0.424970 0.300314 0.051230 0.029361
15 0.239814 0.299173 0.051230 0.029361
15 0.243042 0.327109 0.051230 0.029361
15 0.325736 0.268672 0.046390 0.024230
15 0.371319 0.529932 0.048003 0.040479
21 0.278540 0.396950 0.030254 0.021380
20 0.379185 0.251568 0.040339 0.064139
18 0.270875 0.235747 0.027027 0.031357
18 0.270069 0.267389 0.027027 0.031357
19 0.050424 0.495154 0.020169 0.022805
19 0.055063 0.363455 0.022993 0.046750
19 0.052239 0.270239 0.022993 0.046750
19 0.325534 0.216505 0.034691 0.021380
19 0.273699 0.550741 0.069786 0.019954
